1.07129
1.07129
1.07129
1.01172
1.01172
1.01172
1.09033
1.09033
1.09033
1.02588
1.02588
1.02588
1.12695
1.12695
1.12695
1.09473
1.09473
1.09375
1.09375
1.09375
1.03955
1.03955
1.03955
1.08496
1.08496
1.08496
1.09131
1.09131
1.09131
1.09863
1.09863
1.09863
1.06152
1.06152
1.07715
1.07715
1.07715
1.06934
1.06934
1.06934
1.06689
1.06689
1.06689
1.06934
1.06934
1.06934
1.05225
1.05225
1.05225
1.09131
1.09131
1.09131
1.10254
1.10254
1.05127
1.05127
1.05127
1.08496
1.08496
1.08496
1.07324
1.07324
1.07324
1.06787
1.06787
1.06787
1.07617
1.07617
1.07617
1.09277
1.09277
1.09277
1.05078
1.05078
1.07129
1.07129
1.07129
1.06592
1.06592
1.06592
1.06982
1.06982
1.06982
1.08643
1.08643
1.08643
1.06885
1.06885
1.06885
1.08008
1.08008
1.08008
1.07813
1.07813
1.06836
1.06836
1.06836
1.09277
1.09277
1.09277
1.08008
1.08008
1.08008
1.09082
1.09082
1.09082
1.08887
1.08887
1.08887
1.07861
1.07861
1.07861
1.0625
1.0625
1.08594
1.08594
1.08594
1.07715
1.07715
1.07715
1.09424
1.09424
1.09424
1.07813
1.07813
1.07813
1.10547
1.10547
1.10547
1.08496
1.08496
1.08496
1.07178
1.07178
1.06152
1.06152
1.06152
1.06689
1.06689
1.06689
1.08105
1.08105
1.08105
1.06738
1.06738
1.06738
1.07861
1.07861
1.07861
1.06982
1.06982
1.06396
1.06396
1.06396
1.08398
1.08398
1.08398
1.06592
1.06592
1.06592
1.07031
1.07031
1.07031
1.08545
1.08545
1.08545
1.07764
1.07764
1.07764
1.08301
1.08301
1.06787
1.06787
1.06787
1.07764
1.07764
1.07764
1.05859
1.05859
1.05859
1.06445
1.06445
1.06445
1.06543
1.06543
1.06543
1.06982
1.06982
1.06982
1.0874
1.0874
1.07227
1.07227
1.07227
1.05713
1.05713
1.05713
1.05176
1.05176
1.05176
1.06592
1.06592
1.06592
1.08838
1.08838
1.08838
1.07813
1.07813
1.07813
1.02686
1.02686
1.12402
1.12402
1.12402
1.0625
1.0625
1.0625
1.01758
1.01758
1.01758
1.10205
1.10205
1.10205
1.03369
1.03369
1.03369
1.04883
1.04883
1.04883
0.974121
0.974121
1.12158
1.12158
1.12158
0.967285
0.967285
0.967285
1.06104
1.06104
1.06104
1.08105
1.08105
1.08105
0.946777
0.946777
1.0752
1.0752
1.0752
1.08105
1.08105
1.08105
0.995605
0.995605
0.995605
1.06445
1.06445
1.06445
0.947754
0.947754
0.947754
1.18896
1.18896
0.914551
0.914551
0.914551
1.0708
1.0708
1.0708
1.17627
1.17627
1.17627
1.02539
1.02539
1.02539
1.24023
1.24023
1.24023
0.980957
0.980957
1.16455
1.16455
1.16455
1.1333
1.1333
1.1333
0.935547
0.935547
0.935547
1.14697
1.14697
1.14697
0.740234
0.740234
1.271
1.271
1.271
0.791504
0.791504
0.791504
1.27783
1.27783
1.27783
0.882813
0.882813
0.882813
1.14307
1.14307
1.14307
1.41455
1.41455
1.0376
1.0376
1.0376
1.26563
1.26563
1.26563
1.10303
1.10303
1.10303
1.29053
1.29053
1.29053
0.964355
0.964355
0.964355
1.00391
1.00391
1.00391
1.27832
1.27832
0.946777
0.946777
0.946777
1.02051
1.02051
1.02051
1.06787
1.06787
1.06787
1.08447
1.08447
1.08447
0.856445
0.856445
1.1665
1.1665
1.1665
1.09668
1.09668
1.09668
0.814941
0.814941
0.814941
0.905762
0.905762
0.905762
1.2334
1.2334
1.2334
1.0293
1.0293
0.914063
0.914063
0.914063
0.925293
0.925293
0.925293
0.94873
0.94873
0.94873
1.08008
1.08008
1.08008
0.964355
0.964355
1.06396
1.06396
1.06396
1.0542
1.0542
1.0542
1.11621
1.11621
1.11621
1.09717
1.09717
1.09717
0.722656
0.722656
0.722656
1.16357
1.16357
1.16992
1.16992
1.16992
1.05957
1.05957
1.05957
1.45947
1.45947
1.45947
0.827148
0.827148
0.827148
1.08887
1.08887
1.08887
1.05762
1.05762
0.965332
0.965332
0.965332
1.62598
1.62598
1.62598
1.05762
1.05762
1.05762
0.913574
0.913574
0.913574
1.05273
1.05273
1.104
1.104
1.104
1.14893
1.14893
1.14893
0.899414
0.899414
0.899414
1.01709
1.01709
1.01709
1.01563
1.01563
1.01563
1.06982
1.06982
1.06982
1.14307
1.14307
0.921875
0.921875
0.921875
0.857422
0.857422
0.857422
1.11426
1.11426
1.11426
1.25391
1.25391
1.25391
1.00781
1.00781
1.27295
1.27295
1.27295
0.777832
0.777832
0.777832
0.95166
0.95166
0.95166
1.18457
1.18457
1.18457
0.765137
0.765137
1.05615
1.05615
1.05615
1.21875
1.21875
1.21875
1.04443
1.04443
1.04443
0.932129
0.932129
0.932129
1.08838
1.08838
1.08838
1.27783
1.27783
0.993164
0.993164
0.993164
1.42969
1.42969
1.42969
1.06689
1.06689
1.06689
1.15137
1.15137
1.15137
1.39307
1.39307
1.26855
1.26855
1.26855
1.14258
1.14258
1.14258
0.977539
0.977539
0.977539
1.00732
1.00732
1.00732
0.99707
0.99707
0.99707
1.0498
1.0498
0.975586
0.975586
0.975586
1.39258
1.39258
1.39258
1.27246
1.27246
1.27246
1.40576
1.40576
1.40576
1.01025
1.01025
1.01025
1.104
1.104
0.943359
0.943359
0.943359
1.17529
1.17529
1.17529
1.01953
1.01953
1.01953
0.979492
0.979492
0.979492
1.05225
1.05225
1.03369
1.03369
1.03369
0.942871
0.942871
0.942871
1.58105
1.58105
1.58105
1.27686
1.27686
1.27686
1.125
1.125
1.125
1.13135
1.13135
1.13135
0.861816
0.861816
1.11816
1.11816
1.11816
1.15576
1.15576
1.15576
1.09473
1.09473
1.09473
1.104
1.104
1.104
1.14063
1.14063
1.14063
1.02881
1.02881
1.02881
1.07861
1.07861
0.82959
0.82959
0.82959
0.918457
0.918457
0.918457
1.11621
1.11621
1.11621
0.881836
0.881836
0.881836
1.0874
1.0874
1.34717
1.34717
1.34717
0.890137
0.890137
0.890137
0.946289
0.946289
0.946289
1.1665
1.1665
1.1665
1.03906
1.03906
1.03906
0.904785
0.904785
1.01465
1.01465
1.01465
1.04053
1.04053
1.04053
1.2876
1.2876
1.2876
0.931641
0.931641
0.931641
1.37549
1.37549
1.37549
1.05957
1.05957
1.09277
1.09277
1.09277
0.994141
0.994141
0.994141
1.14844
1.14844
1.14844
1.29688
1.29688
1.29688
1.34131
1.34131
1.34131
0.772949
0.772949
1.17285
1.17285
1.17285
1.1958
1.1958
1.1958
0.877441
0.877441
0.877441
1.22852
1.22852
1.22852
1.05957
1.05957
1.1792
1.1792
1.1792
1.0127
1.0127
1.0127
0.738281
0.738281
0.738281
1.74609
1.74609
1.74609
0.804688
0.804688
0.804688
0.875977
0.875977
1.42773
1.42773
1.42773
0.681641
0.681641
0.681641
1.39746
1.39746
1.39746
0.927246
0.927246
0.927246
1.39941
1.39941
0.542969
0.542969
0.542969
0.593262
0.593262
0.593262
1.375
1.375
1.375
0.619141
0.619141
0.619141
1.31396
1.31396
0.548828
0.548828
0.548828
1.41064
1.41064
1.41064
0.699219
0.699219
0.699219
1.18213
1.18213
1.18213
1.68848
1.68848
1.68848
1.396
1.396
1.28857
1.28857
1.28857
0.71582
0.71582
0.71582
1.05762
1.05762
1.05762
0.964844
0.964844
0.964844
1.07227
1.07227
1.07227
1.94971
1.94971
0.558105
0.558105
0.558105
1.20801
1.20801
1.20801
0.930176
0.930176
0.930176
1.0083
1.0083
1.0083
0.708496
0.708496
1.78076
1.78076
1.78076
1.1626
1.1626
1.1626
1.13574
1.13574
1.13574
0.518555
0.518555
0.518555
1.22607
1.22607
1.22607
1.10254
1.10254
1.10254
0.580566
0.580566
1.62891
1.62891
1.62891
1.09375
1.09375
1.09375
1.11475
1.11475
1.11475
0.858398
0.858398
0.858398
0.673828
0.673828
1.20703
1.20703
1.20703
0.949707
0.949707
0.949707
1.40381
1.40381
1.40381
0.777344
0.777344
0.777344
2.03125
2.03125
1.51709
1.51709
1.51709
1.62256
1.62256
1.62256
0.827637
0.827637
0.827637
0.960449
0.960449
0.99707
0.99707
0.99707
1.29443
1.29443
1.29443
1.45801
1.45801
1.45801
1.29785
1.29785
1.29785
1.18701
1.18701
1.18701
1.5918
1.5918
1.5918
1.36865
1.36865
1.22852
1.22852
1.22852
1.16406
1.16406
1.16406
0.382813
0.382813
0.382813
0.790527
0.790527
0.790527
0.0830078
0.0830078
0.333496
0.333496
0.333496
1.2417
1.2417
1.2417
0.88916
0.88916
0.88916
0.248535
0.248535
0.248535
2.68262
2.68262
-0.23877
-0.23877
-0.23877
0.373535
0.373535
0.373535
2.14307
2.14307
2.14307
0.416992
0.416992
1.19727
1.19727
1.19727
0.534668
0.534668
0.534668
0.980469
0.980469
0.980469
0.398438
0.398438
0.398438
1.00098
1.00098
1.83691
1.83691
1.83691
0.490723
0.490723
0.490723
1.48828
1.48828
1.48828
0.305664
0.305664
0.305664
1.28564
1.28564
1.54004
1.54004
1.54004
1.20801
1.20801
1.20801
1.146
1.146
1.146
1.24365
1.24365
1.24365
1.0957
1.0957
1.0957
1.29492
1.29492
1.29492
1.25635
1.25635
1.25635
1.70703
1.70703
1.09473
1.09473
1.09473
1.44727
1.44727
1.44727
0.686523
0.686523
0.686523
1.50586
1.50586
1.50586
1.44775
1.44775
1.44775
0.28125
0.28125
0.610352
0.610352
0.610352
1.58008
1.58008
1.58008
1.24268
1.24268
1.24268
1.36377
1.36377
1.36377
1.52783
1.52783
1.52783
0.172363
0.172363
1.21387
1.21387
1.21387
0.273438
0.273438
0.273438
1.94141
1.94141
1.94141
1.06299
1.06299
1.06299
1.45459
1.45459
1.23584
1.23584
1.23584
0.428711
0.428711
0.428711
1.83887
1.83887
1.83887
0.529785
0.529785
0.529785
0.5
0.5
0.5
1.2876
1.2876
1.2876
0.565918
0.565918
1.48486
1.48486
1.48486
0.920898
0.920898
0.920898
0.722656
0.722656
0.722656
0.650879
0.650879
0.650879
2.26221
2.26221
0.470215
0.470215
0.470215
1.46191
1.46191
1.46191
1.70361
1.70361
1.70361
0.228027
0.228027
0.228027
2.28223
2.28223
-0.572266
-0.572266
-0.572266
2.66943
2.66943
2.66943
-0.161621
-0.161621
-0.161621
2.02197
2.02197
0.35498
0.35498
0.35498
0.236816
0.236816
0.236816
2.44043
2.44043
2.44043
-0.195801
-0.195801
-0.195801
2.62646
2.62646
0.905762
0.905762
0.905762
1.8125
1.8125
1.8125
0.775879
0.775879
0.775879
1.34619
1.34619
1.34619
1.36768
1.36768
1.14746
1.14746
1.14746
1.28906
1.28906
1.28906
1.11816
1.11816
1.11816
0.304199
0.304199
0.304199
1.95459
1.95459
1.95459
1.13477
1.13477
0.259277
0.259277
0.259277
2.06543
2.06543
2.06543
1.61621
1.61621
1.61621
0.412598
0.412598
0.412598
1.03125
1.03125
1.03125
1.28662
1.28662
1.35352
1.35352
1.35352
1.19678
1.19678
1.19678
1.21875
1.21875
1.21875
0.389648
0.389648
0.389648
1.27979
1.27979
1.18066
1.18066
1.18066
0.895508
0.895508
0.895508
1.45361
1.45361
1.45361
0.119629
0.119629
2.47363
2.47363
-0.260742
-0.260742
-0.260742
1.46338
1.46338
1.46338
1.35303
1.35303
1.35303
-0.0478516
-0.0478516
1.76074
1.76074
1.76074
-0.538086
-0.538086
-0.538086
2.01758
2.01758
2.01758
-0.165527
-0.165527
1.99316
1.99316
1.99316
0.0864258
0.0864258
0.0864258
0.886719
0.886719
0.886719
2.1084
2.1084
2.1084
0.566895
0.566895
1.46973
1.46973
1.46973
1.21973
1.21973
1.21973
0.810547
0.810547
0.810547
0.522949
0.522949
0.522949
0.728027
0.728027
2.36523
2.36523
2.36523
-0.17041
-0.17041
-0.17041
2.16309
2.16309
2.16309
-0.836914
-0.836914
3.0542
3.0542
3.0542
-0.294922
-0.294922
-0.294922
1.52832
1.52832
1.52832
-0.00683594
-0.00683594
2.48535
2.48535
2.48535
-0.250488
-0.250488
-0.250488
2.25977
2.25977
2.25977
-0.121582
-0.121582
1.85938
1.85938
0.0117188
0.0117188
1.95361
1.95361
0.397461
0.397461
0.397461
1.07422
1.07422
1.07422
1.08789
1.08789
1.08789
1.05029
1.05029
1.05029
0.709961
0.709961
0.709961
1.06348
1.06348
0.764648
0.764648
0.764648
0.978516
0.978516
0.978516
0.565918
0.565918
0.565918
0.814453
0.814453
0.849121
0.849121
0.849121
1.13916
1.13916
1.13916
1.1709
1.1709
1.1709
0.930176
0.930176
0.930176
0.962402
0.962402
0.830566
0.830566
0.830566
1.15674
1.15674
1.15674
1.43945
1.43945
1.43945
0.437988
0.437988
1.021
1.021
1.021
1.13525
1.13525
1.13525
0.754883
0.754883
0.754883
1.14795
1.14795
1.14795
0.639648
0.639648
0.639648
1.40625
1.40625
0.925781
0.925781
0.925781
1.11621
1.11621
1.11621
1.36914
1.36914
1.36914
0.552246
0.552246
0.552246
1.39258
1.39258
0.666016
0.666016
0.666016
0.98291
0.98291
0.98291
0.932129
0.932129
0.932129
1.23096
1.23096
1.23096
1.02881
1.02881
0.887207
0.887207
0.887207
1.3252
1.3252
1.3252
1.57471
1.57471
1.57471
0.83252
0.83252
0.83252
1.40625
1.40625
1.40625
1.07471
1.07471
1.02686
1.02686
1.02686
1.21729
1.21729
1.21729
0.834961
0.834961
0.834961
0.990723
0.990723
0.990723
1.18994
1.18994
1.18994
1.13477
1.13477
1.20264
1.20264
1.20264
1.1709
1.1709
1.1709
1.1499
1.1499
1.1499
0.959961
0.959961
0.959961
1.56104
1.56104
1.56104
0.970703
0.970703
1.21924
1.21924
1.21924
0.803711
0.803711
0.803711
1.2959
1.2959
1.2959
0.714355
0.714355
0.714355
1.45215
1.45215
1.0625
1.0625
1.0625
1.06006
1.06006
1.06006
1.10059
1.10059
1.10059
0.983398
0.983398
0.983398
1.09277
1.09277
1.09277
1.07031
1.07031
1.04785
1.04785
1.04785
1.31055
1.31055
1.31055
1.24414
1.24414
1.24414
1.12061
1.12061
1.12061
0.890625
0.890625
0.890625
1.52295
1.52295
0.615723
0.615723
0.615723
1.54395
1.54395
1.54395
1.02148
1.02148
1.02148
1.24219
1.24219
1.24219
0.644531
0.644531
1.52002
1.52002
1.52002
0.979492
0.979492
0.979492
1.04688
1.04688
1.04688
1.4375
1.4375
1.4375
0.870605
0.870605
0.870605
1.1123
1.1123
1.05811
1.05811
1.05811
1.06152
1.06152
1.06152
1.37012
1.37012
1.37012
0.927246
0.927246
0.927246
1.21973
1.21973
1.21973
1.26611
1.26611
0.942871
0.942871
0.942871
1.25732
1.25732
1.25732
1.10547
1.10547
1.10547
1.30029
1.30029
1.30029
0.938477
0.938477
1.02002
1.02002
1.02002
1.25391
1.25391
1.25391
1.07861
1.07861
1.07861
0.867188
0.867188
0.867188
1.07471
1.07471
1.07471
1.16113
1.16113
1.02686
1.02686
1.02686
1.28174
1.28174
1.28174
0.894531
0.894531
0.894531
1.15918
1.15918
1.15918
1.15479
1.15479
1.15479
0.803711
0.803711
1.23096
1.23096
1.23096
0.959961
0.959961
0.959961
1.23584
1.23584
1.23584
0.980469
0.980469
1.19043
1.19043
1.19043
1.02295
1.02295
1.02295
1.25488
1.25488
1.25488
0.839844
0.839844
0.839844
1.23096
1.23096
1.23096
1.03223
1.03223
0.913086
0.913086
0.913086
1.09277
1.09277
1.09277
0.899414
0.899414
0.899414
1.37402
1.37402
1.37402
0.965332
0.965332
1.16504
1.16504
1.16504
0.908691
0.908691
0.908691
1.29492
1.29492
1.29492
1.07373
1.07373
1.07373
1.05322
1.05322
1.05322
0.869141
0.869141
1.12012
1.12012
1.12012
1.31787
1.31787
1.31787
0.664551
0.664551
0.664551
1.48291
1.48291
1.48291
0.966309
0.966309
1.1123
1.1123
1.1123
0.823242
0.823242
0.823242
1.11914
1.11914
1.11914
1.34424
1.34424
1.34424
0.833496
0.833496
0.833496
1.36426
1.36426
0.720215
0.720215
0.720215
1.16016
1.16016
1.16016
1.02881
1.02881
1.02881
0.975586
0.975586
0.975586
1.4126
1.4126
0.983887
0.983887
0.983887
1.03125
1.03125
1.03125
0.945313
0.945313
0.945313
1.2334
1.2334
1.2334
1.06982
1.06982
1.06982
0.776855
0.776855
1.63281
1.63281
1.63281
1.23438
1.23438
1.23438
0.778809
0.778809
0.778809
0.942383
0.942383
0.942383
1.14648
1.14648
1.42725
1.42725
1.42725
0.731445
0.731445
0.731445
1.35205
1.35205
1.35205
0.572754
0.572754
0.572754
1.24414
1.24414
1.12451
1.12451
1.12451
1.12305
1.12305
1.12305
1.16992
1.16992
1.16992
0.627441
0.627441
0.627441
1.14551
1.14551
0.813477
0.813477
0.813477
1.23096
1.23096
1.23096
0.766602
0.766602
0.766602
1.23096
1.23096
1.23096
1.03662
1.03662
1.61426
1.61426
1.61426
0.96875
0.96875
0.96875
1.35449
1.35449
1.35449
0.868652
0.868652
0.868652
1.00928
1.00928
1.00928
1.15479
1.15479
0.580078
0.580078
0.580078
0.950684
0.950684
0.950684
1.34961
1.34961
1.34961
0.812012
0.812012
1.03711
1.03711
1.03711
1.30078
1.30078
1.30078
0.822266
0.822266
0.822266
1.0957
1.0957
1.0957
1.13867
1.13867
1.13867
0.994141
0.994141
0.698242
0.698242
0.698242
1.40186
1.40186
1.40186
0.824707
0.824707
0.824707
1.15332
1.15332
1.15332
1.3623
1.3623
1.3623
0.746582
0.746582
1.51904
1.51904
1.51904
1.05762
1.05762
1.05762
1.13086
1.13086
1.13086
0.871094
0.871094
0.871094
1.23193
1.23193
0.733887
0.733887
0.733887
0.912109
0.912109
0.912109
0.599609
0.599609
0.599609
1.68652
1.68652
1.68652
0.766602
0.766602
1.14551
1.14551
1.14551
0.754883
0.754883
0.754883
1.82129
1.82129
1.82129
0.921387
0.921387
0.907227
0.907227
0.907227
1.78906
1.78906
1.78906
1.23682
1.23682
1.23682
1.34717
1.34717
1.34717
1.37061
1.37061
1.37061
1.42529
1.42529
0.65332
0.65332
0.65332
1.82227
1.82227
1.82227
0.446289
0.446289
0.446289
1.7666
1.7666
1.7666
0.881348
0.881348
0.881348
1.43408
1.43408
1.27686
1.27686
1.27686
1.01855
1.01855
1.01855
1.84229
1.84229
1.84229
0.753906
0.753906
0.753906
1.54736
1.54736
0.851563
0.851563
0.851563
0.89502
0.89502
0.89502
1.15283
1.15283
1.15283
1.15381
1.15381
1.15381
1.04248
1.04248
1.04248
1.1543
1.1543
1.10938
1.10938
1.10938
1.16699
1.16699
1.16699
0.969727
0.969727
0.969727
1.22656
1.22656
1.22656
1.15039
1.15039
0.875977
0.875977
0.875977
0.163086
0.163086
0.163086
1.18994
1.18994
1.18994
1.05762
1.05762
1.05762
0.563477
0.563477
1.83838
1.83838
1.83838
0.378906
0.378906
0.378906
1.05127
1.05127
1.05127
1.05762
1.05762
1.05762
1.3999
1.3999
1.3999
0.80127
0.80127
1.40332
1.40332
1.40332
0.992676
0.992676
0.992676
0.825195
0.825195
0.825195
0.378418
0.378418
0.378418
1.4292
1.4292
0.561035
0.561035
0.561035
1.17139
1.17139
1.17139
0.722656
0.722656
0.722656
1.43555
1.43555
1.43555
1.07178
1.07178
1.50049
1.50049
1.50049
1.41357
1.41357
1.41357
0.875
0.875
0.875
1.39941
1.39941
1.39941
1.02539
1.02539
1.02539
1.10449
1.10449
1.10449
1.0835
1.0835
1.0835
1.03809
1.03809
1.31104
1.31104
1.31104
1.2124
1.2124
1.2124
1.47217
1.47217
1.47217
1.29199
1.29199
1.29199
0.898926
0.898926
0.898926
1.53271
1.53271
1.05615
1.05615
1.05615
0.976563
0.976563
0.976563
1.17969
1.17969
1.17969
0.832031
0.832031
0.832031
0.77002
0.77002
0.77002
2.00635
2.00635
0.726563
0.726563
0.726563
1.25977
1.25977
1.25977
1.28174
1.28174
1.28174
0.868652
0.868652
0.868652
1.18018
1.18018
1.36719
1.36719
1.36719
0.922363
0.922363
0.922363
1.31982
1.31982
1.31982
0.893066
0.893066
0.893066
1.59326
1.59326
0.833984
0.833984
0.833984
1.85352
1.85352
1.85352
0.538086
0.538086
0.538086
2.02197
2.02197
2.02197
0.861328
0.861328
0.680664
0.680664
0.680664
1.33789
1.33789
1.33789
0.821289
0.821289
0.821289
1.5752
1.5752
1.5752
0.876465
0.876465
0.12793
0.12793
0.12793
1.37061
1.37061
1.37061
0.932129
0.932129
0.932129
0.910645
0.910645
0.910645
0.720215
0.720215
0.56543
0.56543
0.56543
1.62891
1.62891
1.62891
0.464355
0.464355
0.464355
1.14941
1.14941
1.14941
0.929688
0.929688
0.461426
0.461426
0.461426
0.234375
0.234375
0.234375
1.71191
1.71191
1.71191
1.61377
1.61377
1.11621
1.11621
1.11621
1.59912
1.59912
1.59912
-0.317383
-0.317383
-0.317383
0.48584
0.48584
0.48584
0.97998
0.97998
0.791504
0.791504
0.791504
0.964844
0.964844
0.964844
1.5459
1.5459
1.5459
0.854004
0.854004
0.854004
1.19775
1.19775
1.21387
1.21387
1.21387
0.235352
0.235352
0.235352
1.34961
1.34961
1.34961
0.782227
0.782227
0.782227
1.63721
1.63721
2.06494
2.06494
2.06494
-0.14209
-0.14209
-0.14209
2.21338
2.21338
2.21338
0.0341797
0.0341797
1.48486
1.48486
1.48486
0.540527
0.540527
0.540527
1.95068
1.95068
1.95068
0.869629
0.869629
0.869629
1.5459
1.5459
1.5459
1.14063
1.14063
0.654297
0.654297
0.654297
1
1
1
1
1.26318
1.26318
1.26318
0.0854492
0.0854492
1.68262
1.68262
1.68262
0.672363
0.672363
0.672363
1.11768
1.11768
1.11768
1.00635
1.00635
1.00635
0.884766
0.884766
1.75977
1.75977
1.75977
0.875977
0.875977
0.875977
1.01123
1.01123
1.01123
0.571777
0.571777
0.973633
0.973633
0.973633
0.966797
0.966797
0.966797
1.14648
1.14648
1.14648
1.52441
1.52441
1.52441
1.14844
1.14844
1.23193
1.23193
1.23193
1.37061
1.37061
1.37061
0.928223
0.928223
0.928223
1.17041
1.17041
1.17041
0.769043
0.769043
0.769043
1.32959
1.32959
0.59375
0.59375
0.59375
0.791504
0.791504
0.791504
1.73291
1.73291
1.73291
0.318359
0.318359
1.43066
1.43066
1.43066
0.920898
0.920898
0.920898
1.02148
1.02148
1.02148
1.41553
1.41553
1.41553
0.924316
0.924316
0.870605
0.870605
0.870605
0.811035
0.811035
0.811035
0.92627
0.92627
0.92627
1.02832
1.02832
1.02832
0.982422
0.982422
1.36084
1.36084
1.36084
1.354
1.354
1.354
0.877441
0.877441
0.877441
1.74951
1.74951
1.74951
1.84668
1.84668
1.84668
0.351074
0.351074
1.66992
1.66992
1.66992
0.847168
0.847168
0.847168
1.45117
1.45117
1.45117
0.727051
0.727051
0.727051
0.980469
0.980469
1.42285
1.42285
1.42285
1.43994
1.43994
1.43994
1.51172
1.51172
1.51172
1.12305
1.12305
1.12305
1.22559
1.22559
1.22559
1.32373
1.32373
1.14697
1.14697
1.14697
1.12158
1.12158
1.12158
1.02686
1.02686
1.02686
0.566895
0.566895
0.566895
1.58252
1.58252
1.58252
0.922852
0.922852
0.491699
0.491699
0.491699
0.691895
0.691895
0.691895
1.35352
1.35352
1.35352
0.850098
0.850098
0.946777
0.946777
0.946777
0.612305
0.612305
0.612305
0.605469
0.605469
0.605469
1.01172
1.01172
0.373535
0.373535
0.373535
1.3877
1.3877
1.3877
1.18994
1.18994
1.18994
0.626953
0.626953
0.626953
0.65918
0.65918
0.67334
0.67334
0.67334
1.46875
1.46875
1.46875
0.174316
0.174316
0.174316
2.34961
2.34961
2.34961
0.370117
0.370117
1.2207
1.2207
1.2207
1.27881
1.27881
1.27881
0.658203
0.658203
0.658203
1.19287
1.19287
1.19287
0.960938
0.960938
0.960938
1.63428
1.63428
0.760742
0.760742
0.760742
0.951172
0.951172
0.951172
0.862793
0.862793
0.862793
1.02832
1.02832
1.15576
1.15576
1.15576
1.23193
1.23193
1.23193
0.704102
0.704102
0.704102
1.13965
1.13965
1.13965
0.89502
0.89502
0.89502
0.95459
0.95459
0.790039
0.790039
0.790039
0.376465
0.376465
0.376465
1.10547
1.10547
1.10547
1.3584
1.3584
1.3584
0.606934
0.606934
1.0332
1.0332
1.0332
0.849609
0.849609
0.849609
0.989258
0.989258
0.989258
0.614258
0.614258
1.32471
1.32471
1.32471
1.05859
1.05859
1.05859
1.625
1.625
1.625
0.700684
0.700684
0.700684
1.31543
1.31543
1.31543
1.00342
1.00342
1.00342
1.021
1.021
1.021
1.39941
1.39941
1.24072
1.24072
1.24072
1.80664
1.80664
1.80664
0.991699
0.991699
0.991699
1.40869
1.40869
1.40869
1.40234
1.40234
1.40234
1.20459
1.20459
1.625
1.625
1.625
0.708984
0.708984
0.708984
0.815918
0.815918
0.815918
0.876465
0.876465
0.876465
1.63672
1.63672
1.12598
1.12598
1.12598
0.712402
0.712402
0.712402
1.04346
1.04346
1.04346
1.76318
1.76318
1.76318
0.624023
0.624023
2.0127
2.0127
2.0127
-0.00146484
-0.00146484
1.92432
1.92432
1.92432
-0.100586
-0.100586
1.57227
1.57227
1.9502
1.9502
1.9502
-0.0449219
-0.0449219
-0.0449219
1.33789
1.33789
0.35498
0.35498
0.35498
-0.773926
-0.773926
-0.773926
2.93457
2.93457
2.93457
-0.665039
-0.665039
3.19922
3.19922
3.19922
0.0268555
0.0268555
0.0268555
1.04736
1.04736
1.04736
1.29639
1.29639
1.29639
0.333496
0.333496
2.53809
2.53809
2.53809
-0.431152
-0.431152
-0.431152
1.55859
1.55859
1.55859
0.0834961
0.0834961
1.44727
1.44727
1.44727
0.246094
0.246094
0.246094
1.70068
1.70068
1.70068
0.976074
0.976074
0.976074
-0.0688477
-0.0688477
1.87695
1.87695
1.87695
0.537109
0.537109
0.537109
1.85449
1.85449
1.85449
-0.150879
-0.150879
2.20215
2.20215
2.20215
0.177246
0.177246
0.177246
1.46729
1.46729
1.46729
1.21289
1.21289
1.21289
0.549316
0.549316
1.55127
1.55127
1.55127
0.763672
0.763672
0.763672
0.874512
0.874512
0.874512
0.53418
0.53418
0.53418
0.681641
0.681641
1.72998
1.72998
1.72998
0.312012
0.312012
0.312012
1.48486
1.48486
1.48486
0.802246
0.802246
0.802246
1.30859
1.30859
0.620117
0.620117
0.620117
1.82031
1.82031
1.82031
1.39746
1.39746
1.39746
0.0952148
0.0952148
0.0952148
1.76221
1.76221
0.453125
0.453125
0.453125
1.1582
1.1582
1.1582
0.949707
0.949707
0.949707
0.862305
0.862305
2.18311
2.18311
2.18311
0.147461
0.147461
0.147461
2.06152
2.06152
2.06152
0.862305
0.862305
0.862305
1.86328
1.86328
0.774414
0.774414
0.774414
0.665039
0.665039
0.665039
1.72119
1.72119
1.72119
0.598145
0.598145
0.598145
1.26367
1.26367
0.134277
0.134277
0.134277
1.44971
1.44971
1.44971
0.51416
0.51416
0.51416
1.12598
1.12598
1.12598
1.3623
1.3623
1.3623
0.647461
0.647461
0.731445
0.731445
0.731445
1.39355
1.39355
1.39355
1.64844
1.64844
1.64844
0.286621
0.286621
0.286621
0.490723
0.490723
1.10596
1.10596
1.10596
0.566895
0.566895
0.566895
0.691895
0.691895
0.691895
0.685059
0.685059
1.28857
1.28857
1.28857
0.753906
0.753906
0.753906
0.568359
0.568359
0.568359
0.928711
0.928711
0.928711
2.61035
2.61035
0.440918
0.440918
0.440918
0.584961
0.584961
0.584961
1.23682
1.23682
1.23682
1.27979
1.27979
1.27979
1.21582
1.21582
1.07764
1.07764
1.07764
1.69824
1.69824
1.69824
1.31104
1.31104
1.31104
0.579102
0.579102
0.579102
1.00146
1.00146
0.870117
0.870117
0.870117
1.17822
1.17822
1.17822
1.24268
1.24268
1.24268
1.7998
1.7998
1.7998
0.31543
0.31543
0.31543
2.55322
2.55322
0.492188
0.492188
0.492188
1.10156
1.10156
1.10156
0.833984
0.833984
0.833984
1.11133
1.11133
1.11133
0.753418
0.753418
1.08398
1.08398
1.08398
1.34473
1.34473
1.34473
1.2168
1.2168
1.2168
1.40039
1.40039
1.40039
0.978027
0.978027
0.978027
1.17529
1.17529
0.657227
0.657227
0.657227
1.02197
1.02197
1.02197
1.02588
1.02588
1.02588
1.46387
1.46387
1.46387
0.614746
0.614746
0.614746
1.46045
1.46045
1.07031
1.07031
1.07031
0.620117
0.620117
0.620117
0.953613
0.953613
0.953613
0.708984
0.708984
2.18408
2.18408
2.18408
0.69873
0.69873
0.69873
1.1543
1.1543
1.1543
1.24219
1.24219
1.24219
0.676758
0.676758
0.676758
1.25977
1.25977
0.833008
0.833008
0.833008
1.56494
1.56494
1.56494
0.366211
0.366211
0.366211
1.32813
1.32813
1.32813
0.653809
0.653809
0.897461
0.897461
0.897461
0.898438
0.898438
0.898438
0.682617
0.682617
0.682617
1.5
1.5
1.5
0.749023
0.749023
0.749023
1.31836
1.31836
0.107422
0.107422
1.61963
1.61963
1.61963
0.890137
0.890137
0.890137
1.42676
1.42676
1.12695
1.12695
1.12695
1.01074
1.01074
1.01074
1.82275
1.82275
1.82275
0.401855
0.401855
0.401855
1.63428
1.63428
1.63428
1.41943
1.41943
1.1875
1.1875
1.1875
1.06396
1.06396
1.06396
0.902832
0.902832
0.902832
1.36035
1.36035
1.36035
0.958984
0.958984
0.248535
0.248535
0.248535
2.03906
2.03906
2.03906
0.578613
0.578613
0.578613
0.92627
0.92627
0.92627
1.20215
1.20215
0.998535
0.998535
0.998535
0.953613
0.953613
0.953613
1.08643
1.08643
1.08643
1.47705
1.47705
1.47705
0.961426
0.961426
1.69629
1.69629
1.69629
0.689941
0.689941
0.689941
1.43604
1.43604
1.43604
0.601563
0.601563
0.601563
1.55615
1.55615
0.472168
0.472168
0.472168
0.891602
0.891602
0.891602
0.797363
0.797363
0.797363
0.312012
0.312012
1.48145
1.48145
1.48145
0.241699
0.241699
0.241699
1.27783
1.27783
1.27783
0.950195
0.950195
0.950195
0.541992
0.541992
1.75049
1.75049
1.75049
0.83252
0.83252
0.83252
1.11621
1.11621
1.11621
1.10986
1.10986
1.10986
0.492676
0.492676
1.3999
1.3999
1.3999
0.529297
0.529297
0.529297
1.88037
1.88037
1.88037
1.16357
1.16357
1.16357
1.08008
1.08008
1.08008
1.32129
1.32129
1.11328
1.11328
1.11328
1.13818
1.13818
1.13818
1.36182
1.36182
1.36182
1.22705
1.22705
1.22705
1.24023
1.24023
1.24023
0.936035
0.936035
1.36719
1.36719
1.36719
1.47852
1.47852
1.47852
0.883301
0.883301
0.883301
1.56494
1.56494
1.56494
1.1167
1.1167
1.1167
0.924316
0.924316
1.12158
1.12158
1.12158
1.02539
1.02539
1.02539
1.15869
1.15869
1.15869
0.939453
0.939453
0.939453
1.16162
1.16162
1.16162
1.45557
1.45557
0.641113
0.641113
0.641113
1.88086
1.88086
1.88086
1.11816
1.11816
1.11816
0.882324
0.882324
0.882324
1.44482
1.44482
1.07422
1.07422
1.07422
0.758789
0.758789
0.758789
-0.126953
-0.126953
-0.126953
2.8374
2.8374
2.8374
1.26807
1.26807
0.129883
0.129883
0.129883
0.864746
0.864746
0.864746
1.1499
1.1499
1.1499
1.17871
1.17871
1.17871
1.59521
1.59521
1.59521
0.216797
0.216797
1.41602
1.41602
1.41602
0.359863
0.359863
0.359863
2.47852
2.47852
2.47852
-0.0390625
-0.0390625
2.05078
2.05078
2.05078
0.155273
0.155273
0.155273
0.687012
0.687012
0.687012
0.892578
0.892578
1.21777
1.21777
1.21777
2.08105
2.08105
2.08105
0.271484
0.271484
0.271484
1.19092
1.19092
1.19092
0.311523
0.311523
0.311523
2.18311
2.18311
0.348633
0.348633
0.348633
0.492676
0.492676
0.492676
1.51611
1.51611
1.51611
1.89648
1.89648
1.89648
-0.800293
-0.800293
0.651367
0.651367
0.651367
0.924316
0.924316
0.924316
-0.0615234
-0.0615234
2.19092
2.19092
2.19092
-0.00878906
-0.00878906
-0.00878906
1.32617
1.32617
1.32617
1.55469
1.55469
0.632813
0.632813
0.632813
3.10693
3.10693
3.10693
1.63525
1.63525
1.63525
1.23193
1.23193
1.23193
0.862305
0.862305
1.21387
1.21387
1.21387
0.00488281
0.00488281
0.00488281
1.25635
1.25635
1.25635
2.21045
2.21045
2.21045
0.460938
0.460938
1.04688
1.04688
1.04688
0.843262
0.843262
0.843262
0.69873
0.69873
0.69873
1.11377
1.11377
1.11377
1.64893
1.64893
1.14209
1.14209
1.14209
0.385254
0.385254
0.385254
1.89355
1.89355
1.89355
1.75244
1.75244
1.75244
1.43652
1.43652
1.43652
2.41064
2.41064
0.641602
0.641602
0.641602
1.7959
1.7959
1.7959
1.17236
1.17236
1.17236
0.00146484
0.00146484
1.64648
1.64648
0.214844
0.214844
0.214844
0.501953
0.501953
0.501953
0.90918
0.90918
0.90918
0.626465
0.626465
1.67188
1.67188
1.67188
0.141602
0.141602
0.141602
0.816895
0.816895
0.816895
0.443848
0.443848
1.26025
1.26025
1.26025
1.77539
1.77539
1.77539
-0.239258
-0.239258
-0.239258
0.824707
0.824707
0.824707
0.230957
0.230957
1.77295
1.77295
1.77295
1.4248
1.4248
1.4248
0.610352
0.610352
0.610352
1.70313
1.70313
1.70313
0.191406
0.191406
2.00146
2.00146
2.00146
1.15576
1.15576
1.15576
2.09033
2.09033
2.09033
0.514648
0.514648
0.514648
1.13623
1.13623
1.13623
0.902344
0.902344
0.537109
0.537109
0.537109
1.62695
1.62695
1.62695
1.37793
1.37793
1.37793
0.578125
0.578125
0.578125
1.44971
1.44971
1.19141
1.19141
1.19141
0.431152
0.431152
0.431152
1.59131
1.59131
1.59131
1.79297
1.79297
1.79297
0.121582
0.121582
0.878906
0.878906
0.99707
0.99707
0.99707
0.736328
0.736328
0.736328
1.03467
1.03467
1.25
1.25
1.25
1.34814
1.34814
1.34814
0.376465
0.376465
0.376465
0.767578
0.767578
0.767578
1.2002
1.2002
1.2002
0.841309
0.841309
0.649414
0.649414
0.649414
0.597656
0.597656
0.597656
0.784668
0.784668
0.784668
0.586426
0.586426
1.44482
1.44482
1.44482
0.859863
0.859863
0.859863
1.9873
1.9873
1.9873
-0.17627
-0.17627
-0.17627
0.422852
0.422852
0.422852
0.852539
0.852539
0.737793
0.737793
0.737793
1.13135
1.13135
1.13135
2.57617
2.57617
2.57617
1.29102
1.29102
1.29102
0.571777
0.571777
1.74658
1.74658
1.74658
1.58545
1.58545
1.58545
0.48584
0.48584
0.48584
0.733887
0.733887
0.733887
1.14844
1.14844
1.69629
1.69629
1.69629
-0.135742
-0.135742
-0.135742
3.14258
3.14258
3.14258
-0.409668
-0.409668
-0.409668
3.1084
3.1084
-0.330566
-0.330566
-0.330566
1.9248
1.9248
1.9248
-0.339844
-0.339844
-0.339844
2.55322
2.55322
2.55322
0.186035
0.186035
2.49072
2.49072
2.49072
0.255859
0.255859
0.255859
3.5293
3.5293
3.5293
0.121582
0.121582
1.80518
1.80518
0.636719
0.636719
0.636719
2.19629
2.19629
2.19629
-0.166016
-0.166016
3.07031
3.07031
3.07031
0.221191
0.221191
0.221191
1.41748
1.41748
1.41748
0.254395
0.254395
0.254395
0.977539
0.977539
0.880371
0.880371
0.880371
0.809082
0.809082
0.809082
2.13135
2.13135
2.13135
1.375
1.375
1.375
0.444824
0.444824
1.39111
1.39111
1.39111
1.07568
1.07568
1.07568
2.13135
2.13135
2.13135
1.24072
1.24072
1.24072
1.61426
1.61426
1.61426
0.394531
0.394531
1.20654
1.20654
1.20654
2.06104
2.06104
2.06104
0.250488
0.250488
0.250488
1.19824
1.19824
1.19824
1.51563
1.51563
1.51563
1.52148
1.52148
1.45752
1.45752
1.45752
1.11621
1.11621
1.11621
0.769043
0.769043
0.769043
1.37354
1.37354
1.37354
0.92334
0.92334
0.458008
0.458008
0.458008
1.5625
1.5625
1.5625
0.482422
0.482422
0.482422
1.13232
1.13232
1.13232
1.04053
1.04053
1.04053
0.521973
0.521973
1.34033
1.34033
1.34033
0.0380859
0.0380859
0.0380859
1.40771
1.40771
1.40771
1.50391
1.50391
1.96045
1.96045
1.96045
1.271
1.271
1.271
1.6499
1.6499
1.6499
0.84668
0.84668
0.84668
0.51709
0.51709
0.51709
0.577637
0.577637
0.577637
0.710449
0.710449
0.128906
0.128906
0.128906
-0.00195313
-0.00195313
-0.00195313
0.654297
0.654297
0.506836
0.506836
0.506836
1.23438
1.23438
1.23438
1.26611
1.26611
1.26611
0.602539
0.602539
0.602539
1.74463
1.74463
0.5625
0.5625
0.5625
0.819824
0.819824
0.819824
0.526367
0.526367
0.526367
1.33008
1.33008
1.33008
1.29297
1.29297
1.29297
0.269531
0.269531
1.07275
1.07275
1.07275
0.950684
0.950684
0.950684
1.84521
1.84521
1.84521
0.487305
0.487305
0.487305
0.802734
0.802734
1.17725
1.17725
1.17725
0.492188
0.492188
0.492188
1.48877
1.48877
1.48877
0.926758
0.926758
0.926758
1.54102
1.54102
1.10107
1.10107
1.10107
-0.114746
-0.114746
2.58301
2.58301
2.58301
0.269531
0.269531
2.48047
2.48047
2.48047
0.219238
0.219238
0.219238
0.928223
0.928223
0.928223
0.94873
0.94873
0.94873
1.50391
1.50391
1.89307
1.89307
1.89307
0.256348
0.256348
0.256348
1.56152
1.56152
1.56152
0.273438
0.273438
0.273438
2.20996
2.20996
0.33252
0.33252
0.33252
2.41797
2.41797
2.41797
0.697266
0.697266
0.697266
0.659668
0.659668
0.659668
1.10645
1.10645
1.75977
1.75977
1.75977
1.17725
1.17725
1.17725
-0.0961914
-0.0961914
-0.0961914
1.896
1.896
1.896
0.786133
0.786133
1.79102
1.79102
1.79102
0.0966797
0.0966797
0.0966797
1.12939
1.12939
1.12939
1.14697
1.14697
0.536133
0.536133
0.536133
1.30078
1.30078
1.30078
1.06396
1.06396
1.06396
1.48779
1.48779
1.48779
1.41211
1.41211
1.41211
0.535156
0.535156
1.96191
1.96191
1.96191
-0.10498
-0.10498
1.87061
1.87061
1.87061
0.459961
0.459961
1.32715
1.32715
1.32715
1.44336
1.44336
1.44336
0.810547
0.810547
0.810547
0.288574
0.288574
0.288574
2.27393
2.27393
1.57373
1.57373
1.57373
1.54346
1.54346
1.54346
-0.265137
-0.265137
-0.265137
2.83643
2.83643
2.83643
-0.584473
-0.584473
2.13184
2.13184
2.13184
0.415039
0.415039
0.415039
0.560059
0.560059
0.560059
0.508301
0.508301
3.06006
3.06006
3.06006
-0.226563
-0.226563
-0.226563
1.14551
1.14551
1.14551
1.13086
1.13086
1.13086
0.715332
0.715332
1.23779
1.23779
1.23779
0.732422
0.732422
0.732422
0.721191
0.721191
0.721191
-0.16748
-0.16748
-0.16748
2.01123
2.01123
1.29541
1.29541
1.29541
0.410156
0.410156
0.410156
0.625977
0.625977
0.625977
2.33691
2.33691
2.33691
0.119141
0.119141
1.66016
1.66016
2.14209
2.14209
2.14209
1.0918
1.0918
1.0918
1.4624
1.4624
1.4624
2.06543
2.06543
2.06543
1.68115
1.68115
1.41748
1.41748
1.41748
1.87012
1.87012
1.87012
2.20801
2.20801
2.20801
1.33789
1.33789
1.33789
0.640625
0.640625
0.640625
0.653809
0.653809
2.52734
2.52734
2.52734
0.202148
0.202148
0.202148
0.85791
0.85791
0.85791
0.27002
0.27002
0.27002
1.58447
1.58447
1.41553
1.41553
1.41553
-0.18457
-0.18457
-0.18457
2.19434
2.19434
2.19434
0.224609
0.224609
0.224609
1.53809
1.53809
0.933105
0.933105
0.933105
1.48291
1.48291
1.48291
1.08643
1.08643
1.08643
1.67041
1.67041
1.67041
1.23877
1.23877
1.23877
0.209473
0.209473
1.60059
1.60059
1.60059
0.562012
0.562012
0.562012
1.79785
1.79785
1.79785
1.14063
1.14063
1.14063
0.620117
0.620117
1.15918
1.15918
1.15918
1.19922
1.19922
1.19922
0.245117
0.245117
0.245117
3.08936
3.08936
3.08936
-0.32666
-0.32666
0.973633
0.973633
0.973633
0.969727
0.969727
0.969727
1.15869
1.15869
1.15869
1.84619
1.84619
1.84619
0.210449
0.210449
0.79834
0.79834
0.79834
0.135254
0.135254
0.135254
1.83398
1.83398
1.83398
0.118652
0.118652
0.519531
0.519531
1.7793
1.7793
1.7793
1.02979
1.02979
1.02979
0.596191
0.596191
0.596191
0.906738
0.906738
1.00195
1.00195
1.00195
0.811035
0.811035
0.811035
0.578125
0.578125
0.578125
1.71973
1.71973
1.71973
0.00683594
0.00683594
2.82568
2.82568
2.82568
0.597656
0.597656
0.597656
0.345703
0.345703
0.345703
0.393555
0.393555
1.38672
1.38672
1.38672
1.19629
1.19629
1.19629
0.893066
0.893066
0.893066
0.523438
0.523438
0.401367
0.401367
0.401367
1.89844
1.89844
1.89844
1.24219
1.24219
1.24219
2.31982
2.31982
2.31982
1.04785
1.04785
1.04785
0.00488281
0.00488281
3.99988
3.99988
3.99988
0.44873
0.44873
0.44873
2.05127
2.05127
2.05127
1.09277
1.09277
1.09277
1.21191
1.21191
0.32373
0.32373
0.32373
0.270508
0.270508
0.270508
2.86621
2.86621
2.86621
0.874512
0.874512
0.874512
1.69727
1.69727
2.48096
2.48096
2.48096
-0.51709
-0.51709
-0.51709
2.5918
2.5918
2.5918
0.739746
0.739746
0.739746
2.34277
2.34277
-0.237305
-0.237305
-0.237305
0.963867
0.963867
0.963867
1.49854
1.49854
1.49854
0.456055
0.456055
0.456055
2.36035
2.36035
-0.211426
-0.211426
-0.211426
2.5332
2.5332
2.5332
0.0400391
0.0400391
0.0400391
1.32666
1.32666
0.708008
0.708008
0.708008
0.41748
0.41748
0.41748
2.17236
2.17236
2.17236
0.266602
0.266602
0.266602
1.2373
1.2373
1.2373
1.27832
1.27832
0.853027
0.853027
0.853027
1.2041
1.2041
1.2041
2.34961
2.34961
2.34961
-0.62207
-0.62207
-0.62207
1.7124
1.7124
1.7124
0.800781
0.800781
0.658691
0.658691
0.658691
1.15381
1.15381
1.15381
2.0498
2.0498
2.0498
1.88623
1.88623
1.88623
0.819824
0.819824
0.819824
1.69971
1.69971
1.17529
1.17529
1.17529
0.743652
0.743652
0.743652
1.52393
1.52393
1.52393
1.02588
1.02588
1.02588
0.799805
0.799805
1.7749
1.7749
1.7749
1.35791
1.35791
1.35791
0.892578
0.892578
0.892578
0.504395
0.504395
0.504395
0.570313
0.570313
1.69092
1.69092
1.69092
0.734863
0.734863
0.734863
1.06445
1.06445
1.06445
1.26709
1.26709
1.26709
0.333008
0.333008
0.708008
0.708008
0.708008
1.02344
1.02344
1.02344
-0.0180664
-0.0180664
-0.0180664
1.20752
1.20752
1.91162
1.91162
1.91162
0.180664
0.180664
0.180664
2.64111
2.64111
2.64111
-0.203125
-0.203125
-0.203125
2.2207
2.2207
-0.528809
-0.528809
-0.528809
0.257813
0.257813
0.257813
1.32275
1.32275
1.32275
0.474609
0.474609
1.96484
1.96484
1.96484
0.39209
0.39209
0.39209
1.92773
1.92773
1.92773
0.84082
0.84082
0.84082
1.29492
1.29492
1.29492
1.26514
1.26514
1.26514
0.119141
0.119141
1.83301
1.83301
1.48486
1.48486
1.48486
0.851074
0.851074
0.851074
1.61328
1.61328
1.02002
1.02002
1.02002
1.4668
1.4668
1.4668
1.38428
1.38428
1.38428
0.875977
0.875977
0.875977
1.1377
1.1377
1.1377
1.20752
1.20752
1.20752
1.36084
1.36084
1.32568
1.32568
1.32568
1.51074
1.51074
1.51074
1.5376
1.5376
1.5376
1.2583
1.2583
1.2583
1.10107
1.10107
1.10107
0.983398
0.983398
0.983398
0.717773
0.717773
1.49756
1.49756
1.49756
0.253418
0.253418
0.253418
1.45947
1.45947
1.45947
0.844727
0.844727
1.12402
1.12402
1.12402
1.27441
1.27441
1.27441
0.99707
0.99707
0.99707
1.52051
1.52051
1.52051
0.393555
0.393555
0.393555
1.34521
1.34521
0.715332
0.715332
0.715332
1.42676
1.42676
1.42676
1.17236
1.17236
1.17236
0.89502
0.89502
0.89502
0.915039
0.915039
1.16846
1.16846
1.16846
0.96582
0.96582
0.96582
0.781738
0.781738
0.781738
1.06543
1.06543
1.06543
1.22168
1.22168
0.962891
0.962891
0.962891
1.17627
1.17627
1.17627
0.76709
0.76709
0.76709
1.00439
1.00439
1.00439
0.886719
0.886719
0.86084
0.86084
0.86084
1.49658
1.49658
1.49658
0.99707
0.99707
0.99707
1.33594
1.33594
1.33594
0.882324
0.882324
1.06592
1.06592
1.06592
1.01758
1.01758
1.01758
0.943359
0.943359
0.943359
1.15137
1.15137
1.15137
0.952148
0.952148
0.961914
0.961914
0.961914
1.16162
1.16162
1.16162
1.22119
1.22119
1.22119
0.98291
0.98291
0.98291
1.08594
1.08594
1.08594
0.89209
0.89209
1.04736
1.04736
1.04736
1.35938
1.35938
1.35938
0.976074
0.976074
0.976074
1.08691
1.08691
1.08691
1.63721
1.63721
0.802734
0.802734
0.802734
1.51074
1.51074
1.51074
0.961914
0.961914
0.961914
1.14404
1.14404
1.14404
1.4751
1.4751
1.0376
1.0376
1.0376
1.18457
1.18457
1.18457
1.01025
1.01025
1.01025
1.19287
1.19287
1.19287
0.980469
0.980469
0.980469
1.00537
1.00537
1.00537
1.2998
1.2998
0.981445
0.981445
0.981445
1.22363
1.22363
1.22363
1.00488
1.00488
1.00488
1.28857
1.28857
1.28857
0.703613
0.703613
0.685547
0.685547
0.685547
1.88135
1.88135
1.88135
0.889648
0.889648
0.889648
1.08301
1.08301
1.08301
1.16113
1.16113
1.16113
0.840332
0.840332
1.02393
1.02393
1.02393
1.13574
1.13574
1.13574
1.01318
1.01318
1.01318
1.08496
1.08496
1.08496
1.09863
1.09863
1.0625
1.0625
1.0625
0.950195
0.950195
0.950195
1.09033
1.09033
1.09033
1.08838
1.08838
1.08838
1.05127
1.05127
1.05127
1.0166
1.0166
1.0166
1.11377
1.11377
0.969727
0.969727
0.969727
1.07275
1.07275
1.07275
1.17285
1.17285
1.17285
1.10254
1.10254
1.10254
1.03809
1.03809
1.03809
1.05029
1.05029
1.11475
1.11475
1.11475
1.12158
1.12158
1.12158
1.09277
1.09277
1.09277
1.09424
1.09424
1.09424
1.07715
1.07715
1.07715
1.08545
1.08545
1.08545
1.13477
1.13477
1.05762
1.05762
1.05762
1.10742
1.10742
1.10742
1.11475
1.11475
1.11475
1.13232
1.13232
1.13232
1.11182
1.11182
1.11182
1.10059
1.10059
1.06396
1.06396
1.06396
1.06445
1.06445
1.06445
1.10303
1.10303
1.10303
1.14893
1.14893
1.14893
1.10742
1.10742
1.10742
1.05762
1.05762
1.05762
1.07568
1.07568
1.05078
1.05078
1.05078
1.07178
1.07178
1.07178
1.08301
1.08301
1.08301
1.07959
1.07959
1.07959
1.10156
1.10156
1.10156
1.06787
1.06787
1.08545
1.08545
1.08545
1.05762
1.05762
1.05762
1.03662
1.03662
1.03662
1.03809
1.03809
1.03809
1.12451
1.12451
1.12451
1.0918
1.0918
1.0918
1.1123
1.1123
1.1123
1.03613
1.03613
1.06104
1.06104
1.06104
1.03711
1.03711
1.03711
1.0791
1.0791
1.0791
1.06055
1.06055
1.06055
1.08301
1.08301
1.08301
1.09961
1.09961
1.09961
1.11426
1.11426
1.06738
1.06738
1.06738
1.07324
1.07324
1.07324
1.07813
1.07813
1.07813
1.08984
1.08984
1.08984
1.0874
1.0874
1.0874
1.12793
1.12793
1.12793
1.104
1.104
1.104
1.06494
1.06494
1.06494
1.05957
1.05957
1.09375
1.09375
1.09375
1.06641
1.06641
1.06641
1.06787
1.06787
1.06787
1.07813
1.07813
1.07813
1.104
1.104
1.104
1.08887
1.08887
1.08887
1.08252
1.08252
1.08252
1.08203
1.08203
1.06592
1.06592
1.06592
1.06299
1.06299
1.06299
1.07715
1.07715
1.07715
1.104
1.104
1.104
1.10498
1.10498
1.10498
1.07568
1.07568
1.07568
1.06787
1.06787
1.06787
1.07422
1.07422
1.08643
1.08643
1.08643
1.07227
1.07227
1.07227
1.09082
1.09082
1.09082
1.08496
1.08496
1.08496
1.06543
1.06543
1.06543
1.06348
1.06348
1.06348
1.07422
1.07422
1.08301
1.08301
1.08301
1.07666
1.07666
1.07666
1.08594
1.08594
1.08594
1.08252
1.08252
1.08252
1.07275
1.07275
1.07275
1.07959
1.07959
1.07959
1.06201
1.06201
1.08252
1.08252
1.08252
1.05273
1.05273
1.05273
1.10156
1.10156
1.10156
1.07666
1.07666
1.07666
1.08838
1.08838
1.08838
1.07959
1.07959
1.08105
1.08105
1.08105
1.06982
1.06982
1.06982
1.09619
1.09619
1.09619
1.06836
1.06836
1.06836
1.08301
1.08301
1.08301
1.06396
1.06396
1.06396
1.07471
1.07471
1.09961
1.09961
1.09961
1.06738
1.06738
1.06738
1.08887
1.08887
1.08887
1.1001
1.1001
1.1001
1.07275
1.07275
1.07275
1.09668
1.09668
1.09668
1.10693
1.10693
1.07324
1.07324
1.07324
1.06592
1.06592
1.06592
1.09375
1.09375
1.09375
1.08154
1.08154
1.08154
1.08936
1.08936
1.08936
1.08594
1.08594
1.08594
1.0874
1.0874
1.09424
1.09424
1.09424
1.07471
1.07471
1.07471
1.06885
1.06885
1.06885
1.09375
1.09375
1.09375
1.08838
1.08838
1.08838
1.08154
1.08154
1.08154
1.08691
1.08691
1.07813
1.07813
1.07813
1.07959
1.07959
1.07959
1.09229
1.09229
1.09229
1.08447
1.08447
1.08447
1.09473
1.09473
1.09473
1.09717
1.09717
1.10303
1.10303
1.10303
1.06934
1.06934
1.06934
1.08496
1.08496
1.08496
1.0625
1.0625
1.0625
1.06934
1.06934
1.06934
1.08057
1.08057
1.08057
1.07617
1.07617
1.07617
1.08252
1.08252
1.10254
1.10254
1.10254
1.06445
1.06445
1.06445
1.08691
1.08691
1.08691
1.07617
1.07617
1.07617
1.06836
1.06836
1.06836
1.07813
1.07813
1.07959
1.07959
1.07959
1.09033
1.09033
1.09033
1.08105
1.08105
1.08105
1.08936
1.08936
1.08936
1.08105
1.08105
1.08105
1.08887
1.08887
1.08887
1.07178
1.07178
1.07324
1.07324
1.07324
1.09033
1.09033
1.09033
1.08203
1.08203
1.08203
1.07568
1.07568
1.07568
1.08398
1.08398
1.08398
1.06348
1.06348
1.06348
1.09326
1.09326
1.06738
1.06738
1.06738
1.06689
1.06689
1.06689
1.08594
1.08594
1.08594
1.07227
1.07227
1.07227
1.08105
1.08105
1.08105
1.08789
1.08789
1.08789
1.05859
1.05859
1.09277
1.09277
1.09277
1.07129
1.07129
1.07129
1.08691
1.08691
1.08691
1.09277
1.09277
1.09277
1.09424
1.09424
1.09424
1.06299
1.06299
1.10449
1.10449
1.10449
1.08301
1.08301
1.08301
1.08838
1.08838
1.08838
1.08887
1.08887
1.08887
1.07715
1.07715
1.07715
1.06445
1.06445
1.06445
1.08105
1.08105
1.08105
1.07715
1.07715
1.0752
1.0752
1.0752
1.07373
1.07373
1.07373
1.07764
1.07764
1.07764
1.08154
1.08154
1.08154
1.08838
1.08838
1.08838
1.0874
1.0874
1.0874
1.07471
1.07471
1.08008
1.08008
1.08008
1.07813
1.07813
1.07813
1.08008
1.08008
1.08008
1.09619
1.09619
1.09619
1.09033
1.09033
1.09033
1.07373
1.07373
1.07373
1.07617
1.07617
1.08252
1.08252
1.08252
1.08936
1.08936
1.08936
1.08154
1.08154
1.08154
1.06641
1.06641
1.06641
1.07031
1.07031
1.07031
1.07861
1.07861
1.07861
1.09131
1.09131
1.08594
1.08594
1.08594
1.08887
1.08887
1.08887
1.07813
1.07813
1.07813
1.07031
1.07031
1.07031
1.08936
1.08936
1.08936
1.06104
1.06104
1.06104
1.06934
1.06934
1.08594
1.08594
1.08594
1.07617
1.07617
1.07617
1.07373
1.07373
1.07373
1.07813
1.07813
1.07813
1.08154
1.08154
1.08154
1.09326
1.09326
1.06543
1.06543
1.06543
1.09521
1.09521
1.09521
1.08105
1.08105
1.08105
1.09229
1.09229
1.09229
1.07715
1.07715
1.07715
1.09131
1.09131
1.09131
1.0874
1.0874
1.07422
1.07422
1.07422
1.08643
1.08643
1.08643
1.09033
1.09033
1.09033
1.06738
1.06738
1.06738
