1.01855
1.01855
1.01855
1.07422
1.07422
1.07422
1.06934
1.06934
1.06934
1.01221
1.01221
1.01221
1.08838
1.08838
1.08838
1.04102
1.04102
1.04102
1.06787
1.06787
1.07324
1.07324
1.07324
1.10107
1.10107
1.10107
1.08594
1.08594
1.08594
1.08496
1.08496
1.08496
1.0542
1.0542
1.0542
1.07324
1.07324
1.07324
1.09961
1.09961
1.06396
1.06396
1.06396
1.07764
1.07764
1.07764
1.08398
1.08398
1.08398
1.07813
1.07813
1.07813
1.07568
1.07568
1.07568
1.08301
1.08301
1.08301
1.05273
1.05273
1.06543
1.06543
1.06543
1.07422
1.07422
1.07422
1.08203
1.08203
1.08203
1.07178
1.07178
1.07178
1.0708
1.0708
1.0708
1.08643
1.08643
1.08643
1.05957
1.05957
1.08887
1.08887
1.08887
1.07373
1.07373
1.07373
1.06836
1.06836
1.06836
1.06445
1.06445
1.06445
1.08301
1.08301
1.08301
1.09131
1.09131
1.09131
1.08789
1.08789
1.08643
1.08643
1.08643
1.06592
1.06592
1.06592
1.07031
1.07031
1.07031
1.0625
1.0625
1.0625
1.0791
1.0791
1.0791
1.08887
1.08887
1.08887
1.06836
1.06836
1.06836
1.0791
1.0791
1.05664
1.05664
1.05664
1.08789
1.08789
1.08789
1.04492
1.04492
1.04492
1.07959
1.07959
1.07959
1.10156
1.10156
1.10156
1.07861
1.07861
1.07861
1.07617
1.07617
1.08008
1.08008
1.08008
1.07129
1.07129
1.07129
1.0625
1.0625
1.0625
1.07324
1.07324
1.07324
1.06396
1.06396
1.06396
1.08691
1.08691
1.08691
1.06299
1.06299
1.07324
1.07324
1.07324
1.08203
1.08203
1.08203
1.09424
1.09424
1.09424
1.08008
1.08008
1.08008
1.06934
1.06934
1.06934
1.08301
1.08301
1.08301
1.05957
1.05957
1.07471
1.07471
1.07471
1.05371
1.05371
1.05371
1.05908
1.05908
1.05908
1.08887
1.08887
1.08887
1.08252
1.08252
1.08252
1.0459
1.0459
1.0459
1.09033
1.09033
1.07617
1.07617
1.07617
1.0791
1.0791
1.0791
1.09668
1.09668
1.09668
1.08105
1.08105
1.08105
1.06885
1.06885
1.06885
1.06787
1.06787
1.06787
1.09521
1.09521
1.09521
1.08398
1.08398
1.07471
1.07471
1.07471
1.06494
1.06494
1.06494
1.0918
1.0918
1.0918
1.04492
1.04492
1.04492
1.09424
1.09424
1.09424
1.08154
1.08154
1.08154
1.0874
1.0874
1.07227
1.07227
1.07227
1.08154
1.08154
1.08154
1.06787
1.06787
1.06787
1.104
1.104
1.104
1.07666
1.07666
1.07666
1.07568
1.07568
1.07568
1.09131
1.09131
1.09131
1.06982
1.06982
1.07471
1.07471
1.07471
1.08301
1.08301
1.08301
1.05029
1.05029
1.05029
1.08545
1.08545
1.08545
1.08057
1.08057
1.08057
1.07666
1.07666
1.07666
1.05713
1.05713
1.08203
1.08203
1.08203
1.05664
1.05664
1.05664
1.07422
1.07422
1.07422
1.06396
1.06396
1.06396
1.07813
1.07813
1.07813
1.06104
1.06104
1.06104
1.06006
1.06006
1.0791
1.0791
1.0791
1.07813
1.07813
1.07813
1.08447
1.08447
1.08447
1.07617
1.07617
1.07617
1.04639
1.04639
1.04639
1.06055
1.06055
1.06055
1.05518
1.05518
1.0791
1.0791
1.0791
1.07129
1.07129
1.07129
1.07324
1.07324
1.07324
1.07373
1.07373
1.07373
1.06738
1.06738
1.06738
1.06738
1.06738
1.06738
1.08398
1.08398
1.08105
1.08105
1.08105
1.07617
1.07617
1.07617
1.0835
1.0835
1.0835
1.06885
1.06885
1.06885
1.0835
1.0835
1.0835
1.0752
1.0752
1.0752
1.05811
1.05811
1.05811
1.06836
1.06836
1.06836
1.09229
1.09229
1.07813
1.07813
1.07813
1.07813
1.07813
1.07813
1.08301
1.08301
1.08301
1.08545
1.08545
1.08545
1.11621
1.11621
1.11621
1.1167
1.1167
1.1167
1.06934
1.06934
1.05713
1.05713
1.05713
1.08154
1.08154
1.08154
1.06787
1.06787
1.06787
1.07324
1.07324
1.07324
1.07568
1.07568
1.07568
1.08447
1.08447
1.08447
1.07373
1.07373
1.06348
1.06348
1.06348
1.09912
1.09912
1.09912
1.06201
1.06201
1.06201
1.06982
1.06982
1.06982
1.08496
1.08496
1.08496
1.08105
1.08105
1.06348
1.06348
1.06348
1.07764
1.07764
1.07764
1.06348
1.06348
1.06348
1.08301
1.08301
1.08301
1.08008
1.08008
1.08008
1.07715
1.07715
1.07715
1.08008
1.08008
1.06982
1.06982
1.06982
1.10498
1.10498
1.10498
1.07568
1.07568
1.07568
1.0332
1.0332
1.0332
1.08984
1.08984
1.08984
1.01611
1.01611
1.01611
1.10791
1.10791
1.09326
1.09326
1.09326
1.08545
1.08545
1.08545
1.09326
1.09326
1.09326
1.04639
1.04639
1.04639
1.08545
1.08545
1.08545
1.0752
1.0752
1.0752
1.0708
1.0708
1.0708
1.10303
1.10303
1.02344
1.02344
1.02344
1.11572
1.11572
1.11572
1.05762
1.05762
1.05762
1.0708
1.0708
1.0708
1.0625
1.0625
1.0625
1.08545
1.08545
1.08545
1.09424
1.09424
1.09424
1.06982
1.06982
1.05664
1.05664
1.05664
1.07324
1.07324
1.07324
1.09912
1.09912
1.09912
1.09277
1.09277
1.09277
1.04443
1.04443
1.04443
1.07568
1.07568
1.07568
1.0835
1.0835
1.05371
1.05371
1.05371
1.10986
1.10986
1.10986
1.07617
1.07617
1.07617
1.11621
1.11621
1.11621
1.03174
1.03174
1.03174
1.13525
1.13525
1.13525
1.10449
1.10449
1.1001
1.1001
1.1001
1.146
1.146
1.146
1.03076
1.03076
1.03076
1.13379
1.13379
1.13379
1.1416
1.1416
1.1416
1.06055
1.06055
1.06055
1.10156
1.10156
1.10156
1.09131
1.09131
1.09131
1.02979
1.02979
1.10156
1.10156
1.10156
0.970215
0.970215
0.970215
1.08105
1.08105
1.08105
1.12793
1.12793
1.12793
1.05225
1.05225
1.03662
1.03662
1.03662
0.878418
0.878418
0.878418
1.01172
1.01172
1.01172
0.943359
0.943359
0.943359
1.1123
1.1123
1.1123
1.07666
1.07666
1.35449
1.35449
1.35449
1.22559
1.22559
1.22559
1.09277
1.09277
1.09277
1.18213
1.18213
1.18213
0.998047
0.998047
0.998047
1.25586
1.25586
1.12402
1.12402
1.12402
1.18115
1.18115
1.18115
1.24561
1.24561
1.24561
1.01514
1.01514
1.01514
1.03906
1.03906
1.03906
0.991699
0.991699
1.09375
1.09375
1.09375
1.04395
1.04395
1.04395
1.16797
1.16797
1.16797
0.942871
0.942871
0.942871
1.13037
1.13037
1.07568
1.07568
1.07568
1.09375
1.09375
1.09375
1.20361
1.20361
1.20361
1.03955
1.03955
1.03955
0.973633
0.973633
0.973633
1.12402
1.12402
1.09131
1.09131
1.09131
1.10938
1.10938
1.10938
1.01807
1.01807
1.01807
1.04541
1.04541
1.04541
1.10791
1.10791
1.10791
0.993652
0.993652
1.12793
1.12793
1.12793
1.0415
1.0415
1.0415
1.12109
1.12109
1.12109
1.04297
1.04297
1.04297
1.06934
1.06934
1.06934
1.17285
1.17285
1.17285
1.10303
1.10303
0.893555
0.893555
0.893555
1.06885
1.06885
1.06885
1.02979
1.02979
1.02979
1.06006
1.06006
1.06006
1.14404
1.14404
1.14404
1.146
1.146
1.146
1.15479
1.15479
1.1875
1.1875
1.1875
0.868164
0.868164
0.868164
1.05566
1.05566
1.05566
1.02441
1.02441
1.02441
1.09131
1.09131
1.09131
1.46484
1.46484
1.46484
0.981934
0.981934
0.98291
0.98291
0.98291
1.06445
1.06445
1.06445
1.09668
1.09668
1.09668
1.06787
1.06787
1.06787
1.03076
1.03076
1.03076
1.19922
1.19922
1.09473
1.09473
1.09473
1.10254
1.10254
1.10254
1.0293
1.0293
1.0293
1.08252
1.08252
1.08252
1.14453
1.14453
1.14453
1.02344
1.02344
1.02344
0.963867
0.963867
0.956055
0.956055
0.956055
1.18799
1.18799
1.18799
1.12305
1.12305
1.12305
1.33594
1.33594
1.33594
1.18164
1.18164
1.11914
1.11914
1.11914
0.850586
0.850586
0.850586
0.698242
0.698242
0.698242
1.49707
1.49707
1.49707
1.00977
1.00977
0.878906
0.878906
0.878906
1.19434
1.19434
1.19434
0.557129
0.557129
0.557129
1.22363
1.22363
1.22363
1.38379
1.38379
0.837402
0.837402
0.837402
1.28223
1.28223
1.28223
1.68359
1.68359
1.68359
1.17432
1.17432
1.17432
2.01904
2.01904
2.01904
1.38086
1.38086
0.273926
0.273926
0.273926
2.36182
2.36182
2.36182
0.675781
0.675781
0.675781
1.12012
1.12012
1.12012
1.67432
1.67432
0.367676
0.367676
0.367676
1.46533
1.46533
1.46533
1.00342
1.00342
1.00342
0.251465
0.251465
0.251465
1.07178
1.07178
1.1665
1.1665
1.1665
0.512695
0.512695
0.512695
1.27686
1.27686
1.27686
0.883789
0.883789
0.883789
1.12939
1.12939
1.12939
1.26074
1.26074
1.53564
1.53564
1.53564
1.08105
1.08105
1.08105
1.84326
1.84326
1.84326
1.10205
1.10205
1.10205
0.714355
0.714355
1.05029
1.05029
1.05029
0.861328
0.861328
0.861328
2.11182
2.11182
2.11182
0.705566
0.705566
0.705566
1.49365
1.49365
1.88477
1.88477
1.88477
-0.258301
-0.258301
-0.258301
0.193359
0.193359
0.193359
0.224121
0.224121
0.224121
1.89209
1.89209
0.391602
0.391602
0.391602
1.16309
1.16309
1.16309
0.634766
0.634766
0.634766
1.88184
1.88184
1.45264
1.45264
1.45264
0.912598
0.912598
0.912598
0.432617
0.432617
0.432617
2.37256
2.37256
2.37256
0.228027
0.228027
0.364746
0.364746
0.364746
1.02637
1.02637
1.02637
1.05859
1.05859
1.05859
0.568359
0.568359
0.568359
1.84375
1.84375
0.467285
0.467285
0.467285
1.12158
1.12158
1.12158
1.49756
1.49756
1.49756
0.794922
0.794922
0.794922
1.68066
1.68066
1.68066
-0.126465
-0.126465
1.45801
1.45801
1.45801
1.5415
1.5415
1.5415
0.342773
0.342773
0.342773
1.8125
1.8125
1.8125
1.35352
1.35352
1.35352
0.90918
0.90918
1.43701
1.43701
1.43701
1.04004
1.04004
1.04004
0.942871
0.942871
0.942871
0.997559
0.997559
0.997559
0.861816
0.861816
1.19775
1.19775
1.19775
0.838867
0.838867
0.838867
1.06592
1.06592
1.06592
1.24707
1.24707
1.24707
1.26025
1.26025
0.807129
0.807129
0.807129
1.50732
1.50732
1.50732
0.381836
0.381836
0.381836
0.90918
0.90918
0.90918
0.485352
0.485352
0.802246
0.802246
0.802246
1.57617
1.57617
1.57617
0.963379
0.963379
0.963379
1.91455
1.91455
0.362305
0.362305
0.362305
0.999023
0.999023
0.999023
0.269043
0.269043
0.269043
0.318359
0.318359
3.82129
3.82129
3.82129
0.287598
0.287598
0.287598
1.59229
1.59229
1.59229
2.16699
2.16699
2.16699
0.562012
0.562012
1.68213
1.68213
1.68213
1.13965
1.13965
1.13965
1.08398
1.08398
1.08398
2.36279
2.36279
2.36279
0.540039
0.540039
0.540039
0.924316
0.924316
0.476563
0.476563
0.476563
2.49854
2.49854
2.49854
-0.139648
-0.139648
-0.139648
0.952637
0.952637
1.87695
1.87695
1.87695
0.584473
0.584473
0.584473
0.549805
0.549805
0.549805
0.915039
0.915039
0.736328
0.736328
0.736328
0.677246
0.677246
0.677246
1.06152
1.06152
1.06152
1.81934
1.81934
1.81934
0.424805
0.424805
0.969727
0.969727
0.969727
1.39844
1.39844
1.39844
-0.692871
-0.692871
-0.692871
0.788086
0.788086
0.812988
0.812988
0.812988
1.65674
1.65674
1.65674
1.29688
1.29688
1.29688
1.26221
1.26221
1.26221
-0.276855
-0.276855
1.09668
1.09668
1.09668
2.04932
2.04932
2.04932
0.205566
0.205566
0.205566
1.08154
1.08154
1.08154
0.257324
0.257324
0.257324
0.630371
0.630371
1.87061
1.87061
1.87061
0.66748
0.66748
0.66748
-0.169922
-0.169922
-0.169922
1.08008
1.08008
1.08008
1.31348
1.31348
0.562988
0.562988
0.562988
0.897461
0.897461
0.897461
1.15332
1.15332
1.15332
1.90771
1.90771
1.90771
1.17041
1.17041
0.278809
0.278809
0.278809
1.95654
1.95654
1.95654
1.51465
1.51465
1.51465
0.528809
0.528809
0.528809
1.59521
1.59521
1.54004
1.54004
1.54004
0.854492
0.854492
0.854492
1.24512
1.24512
1.24512
0.553711
0.553711
0.553711
0.810059
0.810059
0.932617
0.932617
0.932617
1.0874
1.0874
1.0874
1.03857
1.03857
1.03857
0.674316
0.674316
0.674316
1.51514
1.51514
0.925293
0.925293
0.925293
0.805176
0.805176
0.805176
0.774414
0.774414
0.774414
1.72412
1.72412
1.72412
1.58594
1.58594
0.641602
0.641602
0.641602
0.436523
0.436523
0.436523
1.24414
1.24414
1.24414
1.24951
1.24951
1.24951
1.18701
1.18701
1.59668
1.59668
1.59668
1.33887
1.33887
1.33887
1.09473
1.09473
1.09473
1.56104
1.56104
1.56104
0.465332
0.465332
0.465332
0.436523
0.436523
1.59619
1.59619
1.59619
1.88525
1.88525
1.88525
0.467773
0.467773
0.467773
1.08984
1.08984
1.08984
1.63867
1.63867
0.0195313
0.0195313
0.0195313
1.76123
1.76123
1.76123
-0.556641
-0.556641
-0.556641
1.84521
1.84521
0.88916
0.88916
0.88916
0.830566
0.830566
0.830566
0.430176
0.430176
0.430176
1.604
1.604
1.604
2.00342
2.00342
2.00342
0.0307617
0.0307617
2.17383
2.17383
2.17383
0.719238
0.719238
0.719238
1.35498
1.35498
1.35498
1.53516
1.53516
1.53516
0.336914
0.336914
0.667969
0.667969
0.667969
1.30273
1.30273
1.30273
0.598145
0.598145
0.598145
0.760254
0.760254
2.25488
2.25488
2.25488
0.251953
0.251953
0.251953
1.34277
1.34277
1.34277
1.19971
1.19971
1.19971
1.75586
1.75586
1.75586
0.177246
0.177246
1.104
1.104
1.104
1.50146
1.50146
1.50146
-0.0869141
-0.0869141
-0.0869141
1.13867
1.13867
1.13867
2.04492
2.04492
-0.443848
-0.443848
-0.443848
0.665527
0.665527
0.665527
0.898438
0.898438
0.898438
1.91553
1.91553
1.5957
1.5957
1.5957
-0.298828
-0.298828
-0.298828
0.585449
0.585449
0.585449
1.05762
1.05762
2.57129
2.57129
2.57129
0.059082
0.059082
0.059082
0.97168
0.97168
0.97168
0.936523
0.936523
0.936523
1.00342
1.00342
0.654297
0.654297
0.654297
1.12695
1.12695
1.12695
2.56738
2.56738
2.56738
0.694824
0.694824
0.694824
0.93457
0.93457
1.93604
1.93604
1.93604
1.74072
1.74072
1.74072
0.598145
0.598145
0.598145
1.72217
1.72217
1.72217
1.11475
1.11475
1.11475
0.426758
0.426758
1.37402
1.37402
1.37402
0.952637
0.952637
0.952637
1.24072
1.24072
1.24072
1.43213
1.43213
1.43213
1.77832
1.77832
1.81006
1.81006
1.81006
0.458008
0.458008
0.458008
1.99121
1.99121
1.99121
1.01514
1.01514
1.01514
2.6333
2.6333
2.6333
1.23193
1.23193
1.06299
1.06299
1.06299
1.58838
1.58838
1.58838
0.451172
0.451172
0.451172
1.60449
1.60449
1.60449
1.26025
1.26025
0.766113
0.766113
0.766113
1.44434
1.44434
1.44434
0.364746
0.364746
0.364746
0.91748
0.91748
0.91748
0.738281
0.738281
1.31641
1.31641
1.31641
0.758301
0.758301
0.758301
1.56738
1.56738
1.56738
0.910645
0.910645
0.910645
0.974121
0.974121
0.440918
0.440918
0.440918
1.03564
1.03564
1.03564
1.63867
1.63867
1.63867
0.692871
0.692871
0.692871
1.31543
1.31543
0.538574
0.538574
0.538574
1.41455
1.41455
1.41455
0.515137
0.515137
0.515137
1.25488
1.25488
1.25488
1.79785
1.79785
0.998535
0.998535
0.998535
0.713379
0.713379
0.713379
0.119141
0.119141
0.296387
0.296387
1.26514
1.26514
1.26514
1.00049
1.00049
1.00049
0.741699
0.741699
0.741699
0.817383
0.817383
1.34326
1.34326
1.34326
0.955078
0.955078
0.955078
1.10889
1.10889
1.10889
0.814941
0.814941
0.814941
2.15234
2.15234
1.62939
1.62939
1.62939
1.14355
1.14355
1.14355
1.82764
1.82764
1.82764
2.69141
2.69141
2.69141
0.240234
0.240234
0.240234
1.18164
1.18164
1.71973
1.71973
1.71973
0.606934
0.606934
0.606934
0.513672
0.513672
0.513672
0.22168
0.22168
1.12256
1.12256
1.12256
0.817383
0.817383
0.817383
0.782715
0.782715
0.782715
0.233398
0.233398
0.233398
1.37891
1.37891
0.937988
0.937988
0.937988
1.10938
1.10938
1.10938
1.35205
1.35205
1.35205
-0.307617
-0.307617
-0.307617
1.43262
1.43262
0.283203
0.283203
0.283203
2.08838
2.08838
2.08838
1.66016
1.66016
1.66016
0.194824
0.194824
0.194824
1.14502
1.14502
1.27979
1.27979
1.27979
1.18359
1.18359
1.18359
0.897949
0.897949
0.897949
2.22461
2.22461
2.22461
-0.166016
-0.166016
-0.194336
-0.194336
-0.194336
0.688477
0.688477
0.688477
0.895508
0.895508
0.895508
1.31055
1.31055
0.34082
0.34082
0.34082
1.21143
1.21143
1.21143
1.125
1.125
1.125
0.820313
0.820313
0.820313
1.396
1.396
1.396
1.17822
1.17822
1.17822
0.677734
0.677734
1.2041
1.2041
1.2041
0.716309
0.716309
0.716309
1.31055
1.31055
1.31055
1.34814
1.34814
1.34814
0.731934
0.731934
0.731934
0.90625
0.90625
1.09814
1.09814
1.09814
1.65088
1.65088
1.65088
0.899414
0.899414
0.899414
1.52148
1.52148
1.52148
1.39111
1.39111
0.810547
0.810547
0.810547
1.2041
1.2041
1.2041
1.47461
1.47461
1.47461
0.787598
0.787598
0.787598
0.719727
0.719727
1.11475
1.11475
1.11475
0.795898
0.795898
0.795898
0.797363
0.797363
0.797363
1.14063
1.14063
1.14063
1.00684
1.00684
1.1123
1.1123
1.1123
0.898438
0.898438
0.898438
0.969238
0.969238
0.969238
0.686523
0.686523
1.12988
1.12988
1.12988
0.688477
0.688477
0.688477
1.27246
1.27246
1.27246
0.902344
0.902344
0.902344
0.916504
0.916504
0.817871
0.817871
0.817871
0.876953
0.876953
0.876953
1.09473
1.09473
1.09473
1.30127
1.30127
1.30127
0.866699
0.866699
0.622559
0.622559
0.622559
0.963867
0.963867
0.963867
1.12598
1.12598
1.12598
1.08252
1.08252
1.08252
1.39307
1.39307
0.975098
0.975098
0.975098
1.13574
1.13574
1.13574
1.04639
1.04639
1.04639
1.47021
1.47021
1.47021
0.997559
0.997559
1.36279
1.36279
1.36279
1.14111
1.14111
1.14111
0.397949
0.397949
0.397949
1.2168
1.2168
1.2168
1.12012
1.12012
1.12012
1.20801
1.20801
1.22412
1.22412
1.22412
1.47217
1.47217
1.47217
1.18262
1.18262
1.18262
1.30078
1.30078
1.30078
1.05322
1.05322
1.05322
0.710449
0.710449
1.1709
1.1709
1.1709
1.2041
1.2041
1.2041
0.755371
0.755371
0.755371
0.670898
0.670898
0.670898
0.933594
0.933594
0.933594
1.57373
1.57373
1.3335
1.3335
1.3335
0.792969
0.792969
0.792969
1.20703
1.20703
1.20703
1.08545
1.08545
1.08545
1.08887
1.08887
1.08887
0.884277
0.884277
1.21289
1.21289
1.21289
1.20117
1.20117
1.20117
1.01318
1.01318
1.01318
1.09082
1.09082
1.09082
1.09473
1.09473
1.09473
0.771484
0.771484
0.854492
0.854492
0.854492
0.849609
0.849609
0.849609
1.10205
1.10205
1.10205
1.271
1.271
1.271
1.63574
1.63574
1.63574
0.632813
0.632813
0.90918
0.90918
0.90918
1.72949
1.72949
1.72949
0.752441
0.752441
0.752441
1.71338
1.71338
1.71338
1.77539
1.77539
1.87158
1.87158
1.87158
0.666992
0.666992
0.666992
-0.000976563
-0.000976563
1.58301
1.58301
1.58301
2.58008
2.58008
2.58008
1.82715
1.82715
1.82715
0.402344
0.402344
0.402344
1.21777
1.21777
1.21777
-0.0371094
-0.0371094
1.0957
1.0957
1.0957
1.24951
1.24951
1.24951
0.569824
0.569824
0.569824
0.209961
0.209961
0.209961
1.18262
1.18262
1.45361
1.45361
1.45361
0.870605
0.870605
0.870605
0.911133
0.911133
0.911133
1.3418
1.3418
1.3418
0.255371
0.255371
0.644531
0.644531
0.644531
3.61914
3.61914
3.61914
3.99988
3.99988
3.99988
-0.933105
-0.933105
0
0
0
0
0
0
0
0
0
0
0
0
0
0
0
0
0
0
0
0
0
0
0
0
0
0
0
0
0
0
0
0
0
0
0
0
0
0
0
0
0
0
0
0
0
0
0
0
0
0
0
0
0
0
0
0
0
0
0
0
0
0
0
0
0
0
0
0
0
0
0
0
0
0
0
0
0
0
0
0
0
0
0
0
0
0
0
0
0
0
0
0
0
0
0
0
0
0
0
0
0
0
0
0
0
0
0
0
0
0
0
0
0
0
0
0
0
0
0
0
0
0
0
0
0
0
0
0
0
0
0
0
0
0
0
0
0
0
0
0
0
0
0
0
0
0
0
0
0
0
0
0
0
0
0
0
0
0
0
0
0
0
0
0
0
0
0
0
0
0
0
0
0
0
0
0
0
0
0
0
0
0
0
0
0
0
0
0
0
0
0
0
0
0
0
0
0
0
0
0
0
0
0
0
0
0
0
0
0
0
0
0
0
0
0
0
0
0
0
0
0
0
0
0
0
0
0
0
0
0
0
0
0
0
0
0
0
0
0
0
0
0
0
0
0
0
0
0
0
0
0
0
0
0
0
0
0
0
0
0
0
0
0
0
0
0
0
0
0
0
0
0
0
0
0
0
0
0
0
0
0
0
0
0
0
0
0
0
0
0
0
0
0
0
0
0
0
0
0
0
0
0
0
0
0
0
0
0
0
0
0
0
0
0
0
0
0
0
0
0
0
0
0
0
0
0
0
0
0
0
0
0
0
0
0
0
0
0
0
0
0
0
0
0
0
0
0
0
0
0
0
0
0
0
0
0
0
0
0
0
0
0
0
0
0
0
0
0
0
0
0
0
0
0
0
0
0
0
0
0
0
0
0
0
0
0
0
0
0
0
0
0
0
0
0
0
0
0
0
0
0
0
0
0
0
0
0
0
0
0
0
0
0
0
0
0
0
0
0
0
0
0
0
0
0
0
0
0
0
0
0
0
0
0
0
0
0
0
0
0
0
0
0
0
0
0
0
0
0
0
0
0
0
0
0
0
0
0
0
0
0
0
0
0
0
0
0
0
0
0
0
0
0
0
0
0
0
0
0
0
0
0
0
0
0
0
0
0
0
0
0
0
0
0
0
0
0
0
0
0
0
0
0
0
0
0
0
0
0
0
0
0
0
0
0
0
0
0
0
0
0
0
0
0
0
0
0
0
0
0
0
0
0
0
0
0
0
0
0
0
0
0
0
0
0
0
0
0
0
0
0
0
0
0
0
0
0
0
0
0
0
0
0
0
0
0
0
0
0
0
0
0
0
0
0
0
0
0
0
0
0
0
0
0
0
0
0
0
0
0
0
0
0
0
0
0
0
0
0
0
0
0
0
0
0
0
0
0
0
0
0
0
0
0
0
0
0
0
0
0
0
0
0
0
0
0
0
0
0
0
0
0
0
0
0
0
0
0
0
0
0
0
0
0
0
0
0
0
0
0
0
0
0
0
0
0
0
0
0
0
0
0
0
0
0
0
0
0
0
0
0
0
0
0
0
0
0
0
0
0
0
0
0
0
0
0
0
0
0
0
0
0
0
0
0
0
0
0
0
0
0
0
0
0
0
0
0
0
0
0
0
0
0
0
0
0
0
0
0
0
0
0
0
0
0
0
0
0
0
0
0
0
0
0
0
0
0
0
0
0
0
0
0
0
0
0
0
0
0
0
0
0
0
0
0
0
0
0
0
0
0
0
0
0
0
0
0
0
0
0
0
0
0
0
0
0
0
0
0
0
0
0
0
0
0
0
0
0
0
0
0
0
0
0
0
0
0
0
0
0
0
0
0
0
0
0
0
0
0
0
0
0
0
0
0
0
0
0
0
0
0
0
0
0
0
0
0
0
0
0
0
0
0
0
0
0
0
0
0
0
0
0
0
0
0
0
0
0
0
0
0
0
0
0
0
0
0
0
0
0
0
0
0
0
0
0
0
0
0
0
0
0
0
0
0
0
0
0
0
0
0
0
0
0
0
0
0
0
0
0
0
0
0
0
0
0
0
0
0
0
0
0
0
0
0
0
0
0
0
0
0
0
0
0
0
0
0
0
0
0
0
0
0
0
0
0
0
0
0
0
0
0
0
0
0
0
0
0
0
0
0
0
0
0
0
0
0
0
0
0
0
0
0
0
0
0
0
0
0
0
0
0
0
0
0
0
0
0
0
0
0
0
0
0
0
0
0
0
0
0
0
0
0
0
0
0
0
0
0
0
0
0
0
0
0
0
0
0
0
0
0
0
0
0
0
0
0
0
0
0
0
0
0
0
0
0
0
0
0
0
0
0
0
0
0
0
0
0
0
0
0
0
0
0
0
0
0
0
0
0
0
0
0
0
0
0
0
0
0
0
0
0
0
0
0
0
0
0
0
0
0
0
0
0
0
0
0
0
0
0
0
0
0
0
0
0
0
0
0
0
0
0
0
0
0
0
0
0
0
0
0
0
0
0
0
0
0
0
0
0
0
0
0
0
0
0
0
0
0
0
0
0
0
0
0
0
0
0
0
0
0
0
0
0
0
0
0
0
0
0
0
0
0
0
0
0
0
0
0
0
0
0
0
0
0
0
0
0
0
0
0
0
0
0
0
0
0
0
0
0
0
0
0
0
0
0
0
0
0
0
0
0
0
0
0
0
0
0
0
0
0
0
0
0
0
0
0
0
0
0
0
0
0
0
0
0
0
0
0
0
0
0
0
0
0
0
0
0
0
0
0
0
0
0
0
0
0
0
0
0
0
0
0
0
0
0
0
0
0
0
0
0
0
0
0
0
0
0
0
0
0
0
0
0
0
0
0
0
0
0
0
0
0
0
0
0
0
0
0
0
0
0
0
0
0
0
0
0
0
0
0
0
0
0
0
0
0
0
0
0
0
0
0
0
0
0
0
0
0
0
0
0
0
0
0
0
0
0
0
0
0
0
0
0
0
0
0
0
0
0
0
0
0
0
0
0
0
0
0
0
0
0
0
0
0
0
0
0
0
0
0
0
0
0
0
0
0
0
0
0
0
0
0
0
0
0
0
0
0
0
0
0
0
0
0
0
0
0
0
0
0
0
0
0
0
0
0
0
0
0
0
0
0
0
0
0
0
0
0
0
0
0
0
0
0
0
0
0
0
0
0
0
0
0
0
0
0
0
0
0
0
0
0
0
0
0
0
0
0
0
0
0
0
0
0
0
0
0
0
0
0
0
0
0
0
0
0
0
0
0
0
0
0
0
0
0
0
0
0
0
0
0
0
0
0
0
0
0
0
0
0
0
0
0
0
0
0
0
0
0
0
0
0
0
0
0
0
0
0
0
0
0
0
0
0
0
0
0
0
0
0
0
0
0
0
0
0
0
0
0
0
0
0
0
0
0
0
0
0
0
0
0
0
0
0
0
0
0
0
0
0
0
0
0
0
0
0
0
0
0
0
0
0
0
0
0
0
0
0
0
0
0
0
0
0
0
0
0
0
0
0
0
0
0
0
0
0
0
0
0
0
0
0
0
0
0
0
0
0
0
0
0
0
0
0
0
0
0
0
0
0
0
0
0
0
0
0
0
0
0
0
0
0
0
0
0
0
0
0
0
0
0
0
0
0
0
0
0
0
0
0
0
0
0
0
0
0
0
0
0
0
0
0
0
0
0
0
0
0
0
0
0
0
0
0
0
0
0
0
0
0
0
0
0
0
0
0
0
0
0
0
0
0
0
0
0
0
0
0
0
0
0
0
0
0
0
0
0
0
0
0
0
0
0
0
0
0
0
0
0
0
0
0
0
0
0
0
0
0
0
0
0
0
0
0
0
0
0
0
0
0
0
0
0
0
0
0
0
0
0
0
0
0
0
0
0
0
0
0
0
0
0
0
0
0
0
0
0
0
0
0
0
0
0
0
0
0
0
0
0
0
0
0
0
0
0
0
0
0
0
0
0
0
0
0
0
0
0
0
0
0
0
0
0
0
0
0
0
0
0
0
0
0
0
0
0
0
0
0
0
0
0
0
0
0
0
0
0
0
0
0
0
0
0
0
0
0
0
0
0
0
0
0
0
0
0
0
0
0
0
0
0
0
0
0
0
0
0
0
0
0
0
0
0
0
0
0
0
0
0
0
0
0
0
0
0
0
0
0
0
0
0
0
0
0
0
0
0
0
0
0
0
0
0
0
0
0
0
0
0
0
0
0
0
0
0
0
0
0
0
0
0
0
0
0
0
0
0
0
0
0
0
0
0
0
0
0
0
0
0
0
0
0
0
0
0
0
0
0
0
0
0
0
0
0
0
0
0
0
0
0
0
0
0
0
0
0
0
0
0
0
0
0
0
0
0
0
0
0
0
0
0
0
0
0
0
0
0
0
0
0
0
0
0
0
0
0
0
0
0
0
0
0
0
0
0
0
0
0
0
0
0
0
0
0
0
0
0
0
0
0
0
0
0
0
0
0
0
0
0
0
0
0
0
0
0
0
0
0
0
0
0
0
0
0
0
0
0
0
0
0
0
0
0
0
0
0
0
0
0
0
0
0
0
0
0
0
0
0
0
0
0
0
0
0
0
0
0
0
0
0
0
0
0
0
0
0
0
0
0
0
0
0
0
0
0
0
0
0
0
0
0
0
0
0
0
0
0
0
0
0
0
0
0
0
0
0
0
0
0
0
0
0
0
0
0
0
0
0
0
0
0
0
0
0
0
0
0
0
0
0
0
0
0
0
0
0
0
0
0
0
0
0
0
0
0
0
0
0
0
0
0
0
0
0
0
0
0
0
0
0
0
0
0
0
0
0
0
0
0
0
0
0
0
0
0
0
0
0
0
0
0
0
0
0
0
0
0
0
0
0
0
0
0
0
0
0
0
0
0
0
0
0
0
0
0
0
0
0
0
0
0
0
0
0
0
0
0
0
0
0
0
0
0
0
0
0
0
0
0
0
0
0
0
0
0
0
0
0
0
0
0
0
0
0
0
0
0
0
0
0
0
0
0
0
0
0
0
0
0
0
0
0
0
0
0
0
0
0
0
0
0
0
0
0
0
0
0
0
0
0
0
0
0
0
0
0
0
0
0
0
0
0
0
0
0
0
0
0
0
0
0
0
0
0
0
0
0
0
0
0
0
0
0
0
0
0
0
0
0
0
0
0
0
0
0
0
0
0
0
0
0
0
0
0
0
0
0
0
0
0
0
0
0
0
0
0
0
0
0
0
0
0
0
0
0
0
0
0
0
0
0
0
0
0
0
0
0
0
0
0
0
0
0
0
0
0
0
0
0
0
0
0
0
0
0
0
0
0
0
0
0
0
0
0
0
0
0
0
0
0
0
0
0
0
0
0
0
0
0
0
0
0
0
0
0
0
0
0
0
0
0
0
0
0
0
0
0
0
0
0
0
0
0
0
0
0
0
0
0
0
0
0
0
0
0
0
0
0
0
0
0
0
0
0
0
0
0
0
0
0
0
0
0
0
0
0
0
0
0
0
0
0
0
0
0
0
0
0
0
0
0
0
0
0
0
0
0
0
0
0
0
0
0
0
0
0
0
0
0
0
0
0
0
0
0
0
0
0
0
0
0
0
0
0
0
0
0
0
0
0
0
0
0
0
0
0
0
0
0
0
0
0
0
0
0
0
0
0
0
0
0
0
0
0
0
0
0
0
0
0
0
0
0
0
0
0
0
0
0
0
0
0
0
0
0
0
0
0
0
0
0
0
0
0
0
0
0
0
0
0
0
0
0
0
0
0
0
0
0
0
0
0
0
0
0
0
0
0
0
0
0
0
0
0
0
0
0
0
0
0
0
0
0
0
0
0
0
0
0
0
0
0
0
0
0
0
0
0
0
0
0
0
0
0
0
0
0
0
0
0
0
0
0
0
0
0
0
0
0
0
0
0
0
0
0
0
0
0
0
0
0
0
0
0
0
0
0
0
0
0
0
0
0
0
0
0
0
0
0
0
0
0
0
0
0
0
0
0
0
0
0
0
0
0
0
0
0
0
0
0
0
0
0
0
0
0
0
0
0
0
0
0
0
0
0
0
0
0
0
0
0
0
0
0
0
0
0
0
0
0
0
0
0
0
0
0
0
0
0
0
0
0
0
0
0
0
0
0
0
0
0
0
0
0
0
0
0
0
0
0
0
0
0
0
0
0
0
0
0
0
0
0
0
0
0
0
0
0
0
0
0
0
0
0
0
0
0
0
0
0
0
0
0
0
0
0
0
0
0
0
0
0
0
0
0
0
0
0
0
0
0
0
0
0
0
0
0
0
0
0
0
0
0
0
0
0
0
0
0
0
0
0
0
0
0
0
0
0
0
0
0
0
0
0
0
0
0
0
0
0
0
0
0
0
0
0
0
0
0
0
0
0
0
0
0
0
0
0
0
0
0
0
0
0
0
0
0
0
0
0
0
0
0
0
0
0
0
0
0
0
0
0
0
0
0
0
0
0
0
0
0
0
0
0
0
0
0
0
0
0
0
0
0
0
0
0
0
0
0
0
0
0
0
0
0
0
0
0
0
0
0
0
0
0
0
0
0
0
0
0
0
0
0
0
0
0
0
0
0
0
0
0
0
0
0
0
0
0
0
0
0
0
0
0
0
0
0
0
0
0
0
0
0
0
0
0
0
0
0
0
0
0
0
0
0
0
0
0
0
0
0
0
0
0
0
0
0
0
0
0
0
0
0
0
0
0
0
0
0
0
0
0
0
0
0
0
0
0
0
0
0
0
0
0
0
0
0
0
0
0
0
0
0
0
0
0
0
0
0
0
0
0
0
0
0
0
0
0
0
0
0
0
0
0
0
0
0
0
0
0
0
0
0
0
0
0
0
0
0
0
0
0
0
0
0
0
0
0
0
0
0
0
0
0
0
0
0
0
0
0
0
0
0
0
0
0
0
0
0
0
0
0
0
0
0
0
0
0
0
0
0
0
0
0
0
0
0
0
0
0
0
0
0
0
0
0
0
0
0
0
0
0
0
0
0
0
0
0
0
0
0
0
0
0
0
0
0
0
0
0
0
0
0
0
0
0
0
0
0
0
0
0
0
0
0
0
0
0
0
0
0
0
0
0
0
0
0
0
0
0
0
0
0
0
0
0
0
0
0
0
0
0
0
0
0
0
0
0
0
0
0
0
0
0
0
0
0
0
0
0
0
0
0
0
0
0
0
0
0
0
0
0
0
0
0
0
0
0
0
0
0
0
0
0
0
0
0
0
0
0
0
0
0
0
0
0
0
0
0
0
0
0
0
0
0
0
0
0
0
0
0
0
0
0
0
0
0
0
0
0
0
0
0
0
0
0
0
0
0
0
0
0
0
0
0
0
0
0
0
0
0
0
0
0
0
0
0
0
0
0
0
0
0
0
0
0
0
0
0
0
0
0
0
0
0
0
0
0
0
0
0
0
0
0
0
0
0
0
0
0
0
0
0
0
0
0
0
0
0
0
0
0
0
0
0
0
0
0
0
0
0
0
0
0
0
0
0
0
0
0
0
0
0
0
0
0
0
0
0
0
0
0
0
0
0
0
0
0
0
0
0
0
0
0
0
0
0
0
0
0
0
0
0
0
0
0
0
0
0
0
0
0
0
0
0
0
0
0
0
0
0
0
0
0
0
0
0
0
0
0
0
0
0
0
0
0
0
0
0
0
0
0
0
0
0
0
0
0
0
0
0
0
0
0
0
0
0
0
0
0
0
0
0
0
0
0
0
0
0
0
0
0
0
0
0
0
0
0
0
0
0
0
0
0
0
0
0
0
0
0
0
0
0
0
0
0
0
0
0
0
0
0
0
0
0
0
0
0
0
0
0
0
0
0
0
0
0
0
0
0
0
0
0
0
0
0
0
0
0
0
0
0
0
0
0
0
0
0
0
0
0
0
0
0
0
0
0
0
0
0
0
0
0
0
0
0
0
0
0
0
0
0
0
0
0
0
0
0
0
0
0
0
0
0
0
0
0
0
0
0
0
0
0
0
0
0
0
0
