1.08691
1.08691
1.0542
1.0542
1.0542
1.09521
1.09521
1.12598
1.12598
1.12598
1.08154
1.08154
1.08154
1.07178
1.07178
1.07178
1.08252
1.08252
1.08252
1.07227
1.07227
1.07227
1.08301
1.08301
1.08301
1.08154
1.08154
1.09033
1.09033
1.09033
1.06445
1.06445
1.06445
1.09326
1.09326
1.09326
1.0752
1.0752
1.0752
1.07715
1.07715
1.07715
1.07373
1.07373
1.07373
1.06689
1.06689
1.07471
1.07471
1.07471
1.08447
1.08447
1.08447
1.06787
1.06787
1.06787
1.10596
1.10596
1.10596
1.04883
1.04883
1.04883
1.1001
1.1001
1.1001
1.05225
1.05225
1.10498
1.10498
1.10498
1.07471
1.07471
1.07471
1.06494
1.06494
1.06494
1.06396
1.06396
1.06396
1.10107
1.10107
1.10107
1.06689
1.06689
1.06689
1.04736
1.04736
1.09277
1.09277
1.09277
1.06055
1.06055
1.06055
1.06738
1.06738
1.06738
1.06641
1.06641
1.06641
1.07568
1.07568
1.07568
1.10791
1.10791
1.10791
1.08154
1.08154
1.08398
1.08398
1.08398
1.06396
1.06396
1.06396
1.09619
1.09619
1.09619
1.09033
1.09033
1.09033
1.04834
1.04834
1.04834
1.09229
1.09229
1.08203
1.08203
1.08203
1.07129
1.07129
1.07129
1.09131
1.09131
1.09131
1.07178
1.07178
1.07178
1.0918
1.0918
1.0918
1.08496
1.08496
1.08496
1.07813
1.07813
1.07813
1.08057
1.08057
1.06152
1.06152
1.06152
1.07373
1.07373
1.07373
1.08398
1.08398
1.08398
1.07813
1.07813
1.07813
1.06982
1.06982
1.06982
1.06396
1.06396
1.07666
1.07666
1.07666
1.06982
1.06982
1.06982
1.06445
1.06445
1.06445
1.06006
1.06006
1.06006
1.05811
1.05811
1.05811
1.06836
1.06836
1.06836
1.0752
1.0752
1.0752
1.07275
1.07275
1.08936
1.08936
1.08936
1.06201
1.06201
1.06201
1.0791
1.0791
1.0791
1.09082
1.09082
1.09082
1.07861
1.07861
1.07861
1.06836
1.06836
1.06836
1.08154
1.08154
1.06543
1.06543
1.06543
1.04443
1.04443
1.04443
1.0708
1.0708
1.0708
1.07471
1.07471
1.07471
1.09033
1.09033
1.09033
1.09375
1.09375
1.09375
1.0957
1.0957
1.0957
1.0791
1.0791
1.08887
1.08887
1.08887
1.08984
1.08984
1.08984
1.0498
1.0498
1.0498
1.08691
1.08691
1.08691
1.05518
1.05518
1.05518
1.06982
1.06982
1.06982
1.06787
1.06787
1.06787
1.07813
1.07813
1.10645
1.10645
1.10645
1.07422
1.07422
1.07422
1.10596
1.10596
1.10596
1.08447
1.08447
1.08447
1.08105
1.08105
1.08105
1.05273
1.05273
1.05859
1.05859
1.05859
1.07422
1.07422
1.07422
1.10645
1.10645
1.10645
1.09277
1.09277
1.09277
1.08643
1.08643
1.08643
1.06885
1.06885
1.06885
1.07227
1.07227
1.06934
1.06934
1.06934
1.08447
1.08447
1.08447
1.05029
1.05029
1.05029
1.07471
1.07471
1.07471
1.08838
1.08838
1.08838
1.04785
1.04785
1.04785
1.07568
1.07568
1.08057
1.08057
1.08057
1.09229
1.09229
1.09229
1.08398
1.08398
1.08398
1.07959
1.07959
1.07959
1.09229
1.09229
1.09229
1.08594
1.08594
1.08594
1.06787
1.06787
1.06836
1.06836
1.06836
1.08984
1.08984
1.08984
1.06201
1.06201
1.06201
1.07422
1.07422
1.07422
1.07031
1.07031
1.07031
1.07715
1.07715
1.08936
1.08936
1.08936
1.11475
1.11475
1.11475
1.08545
1.08545
1.08545
1.0708
1.0708
1.0708
1.08154
1.08154
1.08154
1.07324
1.07324
1.07324
1.08398
1.08398
1.08057
1.08057
1.08057
1.08984
1.08984
1.08984
1.05371
1.05371
1.05371
1.08447
1.08447
1.08447
1.0708
1.0708
1.0708
1.07129
1.07129
1.07129
1.08252
1.08252
1.08252
1.08252
1.08252
1.10156
1.10156
1.10156
1.11572
1.11572
1.11572
1.0957
1.0957
1.0957
1.10889
1.10889
1.10889
1.06982
1.06982
1.06982
1.09717
1.09717
1.09717
1.07373
1.07373
1.12305
1.12305
1.12305
1.06543
1.06543
1.06543
1.14307
1.14307
1.14307
1.01807
1.01807
1.01807
1.12744
1.12744
1.12744
1.0874
1.0874
1.0874
1.09277
1.09277
1.0752
1.0752
1.0752
1.15723
1.15723
1.15723
1.0708
1.0708
1.0708
1.1543
1.1543
1.1543
1.15088
1.15088
1.15088
1.06982
1.06982
1.06982
1.2124
1.2124
1.2124
1.06982
1.06982
1.06982
0.978027
0.978027
1.09961
1.09961
1.09961
0.964844
0.964844
0.964844
1.20947
1.20947
1.20947
1.24414
1.24414
1.24414
0.922852
0.922852
0.961914
0.961914
0.961914
1.15039
1.15039
1.15039
1.00098
1.00098
1.00098
1.1333
1.1333
1.1333
1.21143
1.21143
1.21143
1.03027
1.03027
1.23828
1.23828
1.23828
0.996582
0.996582
0.996582
1.03906
1.03906
1.03906
0.96582
0.96582
0.96582
0.833496
0.833496
1.01416
1.01416
1.01416
1.00244
1.00244
1.00244
1.22949
1.22949
1.22949
1.33447
1.33447
1.33447
0.838867
0.838867
0.838867
1.08447
1.08447
0.995605
0.995605
0.995605
0.994629
0.994629
0.994629
1.18555
1.18555
1.18555
0.94043
0.94043
0.94043
1.22314
1.22314
1.07861
1.07861
1.07861
1.10352
1.10352
1.10352
1.17578
1.17578
1.17578
0.981934
0.981934
0.981934
1.05908
1.05908
1.26855
1.26855
1.26855
1.18555
1.18555
1.18555
0.866211
0.866211
0.866211
0.991699
0.991699
0.991699
1.2002
1.2002
0.558594
0.558594
0.558594
1.24023
1.24023
1.24023
1.12207
1.12207
1.12207
1.11035
1.11035
1.11035
0.768555
0.768555
1.35498
1.35498
1.35498
1.19775
1.19775
1.19775
0.828613
0.828613
0.828613
1.58252
1.58252
1.58252
0.889648
0.889648
0.865723
0.865723
0.865723
1.57764
1.57764
1.57764
0.741699
0.741699
0.741699
1.12939
1.12939
1.12939
1.1748
1.1748
1.1748
0.961426
0.961426
0.855469
0.855469
0.855469
0.865234
0.865234
0.865234
1.83154
1.83154
1.83154
0.67041
0.67041
1.06592
1.06592
1.06592
1.11426
1.11426
1.11426
0.760254
0.760254
0.760254
1.7168
1.7168
1.7168
0.791992
0.791992
0.791992
1.22168
1.22168
1.00146
1.00146
1.00146
1.19824
1.19824
1.19824
0.341797
0.341797
0.341797
0.836426
0.836426
0.836426
1.60156
1.60156
0.450684
0.450684
0.450684
1.81934
1.81934
1.81934
1.19141
1.19141
1.19141
1.20801
1.20801
1.20801
1.3999
1.3999
1.3999
0.525391
0.525391
1.06299
1.06299
1.06299
1.32666
1.32666
1.32666
0.67334
0.67334
0.67334
1.43555
1.43555
1.43555
0.817383
0.817383
0.817383
0.683105
0.683105
1.77246
1.77246
1.77246
0.508789
0.508789
0.508789
0.907715
0.907715
0.907715
1.44482
1.44482
1.01904
1.01904
1.01904
1.51367
1.51367
1.51367
1.10107
1.10107
1.10107
0.746582
0.746582
0.746582
0.76123
0.76123
1.24658
1.24658
1.24658
1.0957
1.0957
1.0957
0.616211
0.616211
0.616211
1.79932
1.79932
1.79932
1.29102
1.29102
1.29102
0.0327148
0.0327148
1.71777
1.71777
1.71777
0.869141
0.869141
0.869141
-0.108887
-0.108887
0.657227
0.657227
0.526855
0.526855
0.526855
1.08887
1.08887
1.08887
1.39063
1.39063
1.39063
0.765625
0.765625
0.765625
0.914551
0.914551
0.706055
0.706055
0.706055
1.15918
1.15918
1.15918
0.123047
0.123047
1.12549
1.12549
2.35596
2.35596
2.35596
0.629883
0.629883
0.629883
1.40332
1.40332
1.40332
1.67773
1.67773
1.67773
1.20459
1.20459
1.41602
1.41602
1.41602
1.95557
1.95557
1.95557
1.72266
1.72266
1.72266
-0.349121
-0.349121
-0.349121
-0.217285
-0.217285
0.126465
0.126465
0.126465
1.82422
1.82422
1.82422
0.65918
0.65918
0.65918
0.717285
0.717285
0.717285
1.12695
1.12695
0.612305
0.612305
0.612305
1.12402
1.12402
1.12402
0.356934
0.356934
0.356934
1.27734
1.27734
1.27734
1.01074
1.01074
1.18506
1.18506
1.18506
0.461426
0.461426
0.461426
1.42432
1.42432
1.42432
1.37158
1.37158
1.37158
0.804199
0.804199
1.22266
1.22266
1.22266
1.23975
1.23975
1.23975
0.49707
0.49707
0.49707
1.41211
1.41211
1.41211
0.156738
0.156738
0.156738
0.373047
0.373047
1.56641
1.56641
1.56641
1.43213
1.43213
1.43213
0.00146484
0.00146484
1.36719
1.36719
1.33789
1.33789
1.33789
0.524902
0.524902
0.524902
0.339844
0.339844
0.339844
0.179688
0.179688
0.629883
0.629883
0.629883
1.49512
1.49512
1.49512
1.61523
1.61523
1.61523
1.1084
1.1084
1.1084
0.666992
0.666992
0.666992
1.65869
1.65869
1.71777
1.71777
1.71777
1.0332
1.0332
1.0332
1.21387
1.21387
1.21387
1.29248
1.29248
1.29248
1.14746
1.14746
1.14746
0.594238
0.594238
0.594238
0.774414
0.774414
1.18457
1.18457
1.18457
1.17236
1.17236
1.17236
0.0561523
0.0561523
0.0561523
1.51318
1.51318
2.02148
2.02148
2.02148
0.385254
0.385254
0.385254
0.311035
0.311035
0.311035
0.779297
0.779297
0.93457
0.93457
0.93457
0.688965
0.688965
0.688965
2.59033
2.59033
2.59033
1.71045
1.71045
1.71045
-0.259766
-0.259766
-0.0336914
-0.0336914
-0.0336914
1.45752
1.45752
1.45752
2.27051
2.27051
2.27051
1.39502
1.39502
1.39502
1.45313
1.45313
1.00049
1.00049
1.00049
1.47754
1.47754
1.47754
0.9375
0.9375
0.9375
0.984863
0.984863
0.984863
0.644531
0.644531
0.496094
0.496094
0.496094
1.36768
1.36768
1.36768
1.80371
1.80371
1.80371
1.43066
1.43066
1.43066
0.863281
0.863281
0.863281
0.369141
0.369141
0.738281
0.738281
0.738281
1.7832
1.7832
1.7832
1.52832
1.52832
1.52832
0.566895
0.566895
0.566895
1.37305
1.37305
1.39551
1.39551
1.39551
2.57666
2.57666
2.57666
-0.0605469
-0.0605469
-0.0605469
0.708496
0.708496
2.08398
2.08398
2.08398
0.837402
0.837402
0.837402
1.30273
1.30273
1.30273
1.01563
1.01563
1.01563
-0.212891
-0.212891
0.468262
0.468262
0.468262
0.339844
0.339844
0.339844
0.257324
0.257324
0.257324
1.25635
1.25635
1.25635
0.910156
0.910156
-0.0834961
-0.0834961
-0.0834961
-0.40625
-0.40625
-0.40625
1.26514
1.26514
1.66504
1.66504
1.66504
0.777344
0.777344
0.777344
-0.09375
-0.09375
-0.09375
1.19971
1.19971
1.19971
0.304199
0.304199
1.54297
1.54297
1.54297
0.98291
0.98291
0.98291
0.543945
0.543945
0.543945
2.40381
2.40381
2.40381
0.291016
0.291016
0.685059
0.685059
0.685059
2.43359
2.43359
2.43359
1.36523
1.36523
1.36523
0.646973
0.646973
1.71436
1.71436
1.71436
1.59473
1.59473
1.59473
0.279785
0.279785
0.279785
2.31934
2.31934
2.31934
0.989258
0.989258
0.944824
0.944824
0.944824
0.887695
0.887695
0.887695
1.37354
1.37354
1.37354
0.196777
0.196777
0.196777
0.771973
0.771973
1.58252
1.58252
1.58252
0.969238
0.969238
0.969238
0.661621
0.661621
0.661621
1.34375
1.34375
1.31494
1.31494
1.31494
0.977051
0.977051
0.977051
1.08252
1.08252
1.08252
1.20557
1.20557
1.20557
0.796387
0.796387
1.21094
1.21094
1.21094
1.33594
1.33594
1.33594
1.33496
1.33496
1.33496
1.88818
1.88818
1.88818
0.490234
0.490234
0.490234
1.04736
1.04736
1.47266
1.47266
1.47266
0.900391
0.900391
0.900391
1.37402
1.37402
1.37402
0.953125
0.953125
0.953125
1.52979
1.52979
0.757324
0.757324
0.757324
1.13477
1.13477
1.13477
1.34521
1.34521
1.34521
0.812988
0.812988
0.812988
1.54102
1.54102
1.1123
1.1123
1.1123
0.882324
0.882324
0.882324
1.30273
1.30273
1.30273
1.68115
1.68115
1.68115
0.789551
0.789551
0.98584
0.98584
0.98584
1.40234
1.40234
1.40234
1.07715
1.07715
1.07715
0.64209
0.64209
0.64209
1.7041
1.7041
1.7041
1.7002
1.7002
1.7002
0.999512
0.999512
0.336914
0.336914
0.336914
1.66846
1.66846
1.66846
0.367676
0.367676
0.367676
1.03174
1.03174
1.03174
1.56641
1.56641
1.56641
1.48926
1.48926
1.06787
1.06787
1.06787
1.47314
1.47314
1.47314
1.3916
1.3916
1.3916
0.351563
0.351563
0.351563
1.24658
1.24658
1.24658
1.61426
1.61426
1.10889
1.10889
1.10889
1.08154
1.08154
1.08154
1.54102
1.54102
1.54102
0.425293
0.425293
0.425293
1.85205
1.85205
1.85205
3.20703
3.20703
1.8042
1.8042
1.8042
0.391113
0.391113
0.391113
2.88037
2.88037
2.88037
1.47217
1.47217
1.47217
-0.27002
-0.27002
-0.27002
1.63525
1.63525
1.07275
1.07275
1.07275
1.33984
1.33984
1.33984
1.66504
1.66504
1.66504
0.821777
0.821777
0.821777
1.16162
1.16162
1.16162
1.55225
1.55225
1.73291
1.73291
1.73291
1.86719
1.86719
1.86719
1.05811
1.05811
1.05811
0.866211
0.866211
0.866211
-0.0610352
-0.0610352
-0.0400391
-0.0400391
-0.0400391
-0.0195313
-0.0195313
-0.0195313
0.0444336
0.0444336
0.144531
0.144531
0.144531
-0.352539
-0.352539
-0.352539
3.99988
3.99988
0.831055
0.831055
0.831055
-0.808594
-0.808594
-0.808594
1.81152
1.81152
1.81152
1.44043
1.44043
1.44043
1.4873
1.4873
0.913086
0.913086
0.913086
0.755859
0.755859
0.755859
0.163086
0.163086
0.163086
0.814941
0.814941
1.56738
1.56738
1.56738
0.990234
0.990234
0.990234
1.20459
1.20459
1.20459
0.496094
0.496094
0.496094
0.627441
0.627441
0.471191
0.471191
0.471191
0.652832
0.652832
0.652832
1.3252
1.3252
1.3252
0.948242
0.948242
0.948242
0.977051
0.977051
0.912598
0.912598
0.912598
0.862305
0.862305
0.862305
1.00586
1.00586
1.00586
1.26514
1.26514
0.588379
0.588379
0.588379
1.64307
1.64307
1.64307
1.13672
1.13672
1.13672
1.00732
1.00732
1.00732
1.0791
1.0791
1.0791
1.88135
1.88135
1.12646
1.12646
1.12646
1.00586
1.00586
1.00586
0.686523
0.686523
0.686523
0.920898
0.920898
0.920898
1.14404
1.14404
1.50098
1.50098
1.50098
0.937012
0.937012
0.937012
1.02881
1.02881
1.02881
0.890625
0.890625
0.890625
0.75
0.75
0.75
0.980957
0.980957
0.774414
0.774414
0.774414
1.00049
1.00049
1.00049
0.75
0.75
0.75
1.14746
1.14746
1.14746
0.300781
0.300781
0.300781
0.55957
0.55957
1.74902
1.74902
1.74902
2.40771
2.40771
2.40771
3.18115
3.18115
3.18115
1.7583
1.7583
1.7583
1.94141
1.94141
1.94141
1.17871
1.17871
1.17871
1.1665
1.1665
0.512207
0.512207
0.512207
1.72705
1.72705
1.72705
1.12549
1.12549
1.12549
1.09717
1.09717
1.09717
1.79736
1.79736
1.79736
1.08838
1.08838
1.20654
1.20654
1.20654
1.73828
1.73828
1.73828
1.00684
1.00684
1.00684
0.947754
0.947754
0.947754
0.872559
0.872559
0.872559
0.563965
0.563965
0.237793
0.237793
0.237793
0.987305
0.987305
0.987305
0.999512
0.999512
0.999512
1.84229
1.84229
1.50781
1.50781
1.50781
1.10791
1.10791
1.10791
1.03418
1.03418
1.03418
0.577148
0.577148
0.577148
0.625488
0.625488
1.24072
1.24072
1.24072
1.59863
1.59863
1.59863
1.64697
1.64697
1.64697
1.51611
1.51611
1.51611
1.09424
1.09424
1.09424
1.20264
1.20264
1.36621
1.36621
1.36621
0.825684
0.825684
0.825684
1.21826
1.21826
1.21826
1.18213
1.18213
1.18213
1.3125
1.3125
1.3125
0.858887
0.858887
1.23145
1.23145
1.23145
0.907715
0.907715
0.907715
1.04883
1.04883
1.04883
0.923828
0.923828
0.923828
1.05371
1.05371
0.844727
0.844727
0.844727
1.17285
1.17285
1.17285
1.1377
1.1377
1.1377
1.15186
1.15186
1.15186
0.919434
0.919434
0.919434
0.749023
0.749023
0.962402
0.962402
0.962402
1.35547
1.35547
1.35547
1.05811
1.05811
1.05811
0.98291
0.98291
0.98291
1.05518
1.05518
0.966797
0.966797
0.966797
0.882324
0.882324
0.882324
0.838867
0.838867
0.838867
1.06201
1.06201
0.85791
0.85791
0.85791
0.916016
0.916016
0.916016
0.826172
0.826172
0.826172
0.859863
0.859863
1.17773
1.17773
1.17773
0.91748
0.91748
0.91748
0.705566
0.705566
0.705566
1.01758
1.01758
1.01758
1.07959
1.07959
1.07959
1.18896
1.18896
0.844238
0.844238
0.844238
0.864746
0.864746
0.864746
0.68457
0.68457
0.68457
0.875
0.875
0.875
1.15234
1.15234
1.15234
0.939453
0.939453
3.99988
3.99988
3.99988
-0.172852
-0.172852
-0.172852
-0.928711
-0.928711
-0.928711
-0.770508
-0.770508
-0.487305
-0.487305
-0.487305
3.99988
3.99988
3.99988
-0.617188
-0.617188
-1.97656
-1.97656
-1.97656
-1.53516
-1.53516
-1.53516
-0.307129
-0.307129
3.99988
3.99988
3.99988
-0.858887
-0.858887
-0.858887
-0.791016
-0.791016
-0.791016
-1.02539
-1.02539
3.99988
3.99988
3.99988
1.48486
1.48486
1.48486
3.99988
3.99988
3.99988
3.20166
3.20166
3.20166
1.39355
1.39355
1.39355
0.668457
0.668457
2.01123
2.01123
2.01123
-0.774414
-0.774414
-0.774414
-1.58057
-1.58057
-1.58057
1.41699
1.41699
0.704102
0.704102
0.704102
1.58057
1.58057
1.58057
1.38818
1.38818
1.38818
0.64502
0.64502
0.64502
0.637695
0.637695
1.271
1.271
1.271
1.08643
1.08643
1.08643
1.14502
1.14502
1.14502
1.63525
1.63525
1.63525
-0.467773
-0.467773
-0.467773
0.912109
0.912109
1.06006
1.06006
1.06006
0.771973
0.771973
0.771973
0.0727539
0.0727539
0.0727539
2.479
2.479
2.479
0.727539
0.727539
1.12012
1.12012
1.12012
0.521484
0.521484
0.521484
0.878906
0.878906
0.878906
0.623047
0.623047
0.958984
0.958984
0.958984
0.780762
0.780762
0.780762
1.56201
1.56201
1.56201
0.604492
0.604492
0.604492
0.782227
0.782227
1.25195
1.25195
1.25195
1.5791
1.5791
1.5791
0.416504
0.416504
0.416504
1.32568
1.32568
1.32568
1.03516
1.03516
1.25098
1.25098
1.25098
0.464355
0.464355
0.464355
2.05176
2.05176
2.05176
1.729
1.729
1.729
1.30029
1.30029
1.30029
1.1748
1.1748
1.1748
1.36816
1.36816
1.36816
0.595703
0.595703
1.34131
1.34131
1.34131
1.01514
1.01514
1.01514
0.959961
0.959961
0.959961
0.895996
0.895996
1.19092
1.19092
1.19092
0.981934
0.981934
0.981934
0.845703
0.845703
0.845703
0.796875
0.796875
0.796875
1.10303
1.10303
1.09033
1.09033
1.09033
0.963379
0.963379
0.963379
1.1958
1.1958
1.1958
1.08643
1.08643
1.08643
1.40479
1.40479
1.40479
0.790527
0.790527
0.796387
0.796387
0.796387
1.19971
1.19971
1.19971
1.17725
1.17725
1.17725
0.80957
0.80957
1.06201
1.06201
1.06201
1.29443
1.29443
1.29443
0.989258
0.989258
0.989258
0.849121
0.849121
0.849121
0.680176
0.680176
0.932129
0.932129
0.932129
0.885254
0.885254
0.885254
1.59277
1.59277
1.59277
1.1626
1.1626
1.1626
-0.28125
-0.28125
1.61377
1.61377
1.61377
-0.651855
-0.651855
-0.651855
1.00928
1.00928
1.00928
1.25781
1.25781
1.25781
0.912598
0.912598
1.14844
1.14844
1.14844
-2.8252
-2.8252
-2.8252
3.99988
3.99988
3.99988
1.12842
1.12842
1.12842
1.10303
1.10303
1.10303
3.99988
3.99988
3.99988
3.99988
3.99988
1.82324
1.82324
1.82324
3.43555
3.43555
3.43555
1.72852
1.72852
1.72852
1.26563
1.26563
1.26563
0.198242
0.198242
0.560059
0.560059
0.560059
2.625
2.625
2.625
0.242188
0.242188
0.242188
1.09521
1.09521
1.09521
2.0708
2.0708
2.0708
0.17334
0.17334
0.17334
1.4209
1.4209
-1.31299
-1.31299
-1.31299
0.355957
0.355957
0.355957
0.901367
0.901367
0.901367
-0.315918
-0.315918
-0.76123
-0.76123
-0.76123
1.02148
1.02148
1.02148
-0.143555
-0.143555
-0.143555
0.370605
0.370605
1.61475
1.61475
1.61475
1.12988
1.12988
1.12988
-0.00244141
-0.00244141
-0.00244141
1.55957
1.55957
1.56152
1.56152
1.56152
0.584473
0.584473
0.584473
0.20459
0.20459
0.20459
0.653809
0.653809
0.653809
1.02686
1.02686
2.02832
2.02832
2.02832
0.480957
0.480957
0.480957
1.09668
1.09668
1.09668
1.4502
1.4502
1.4502
1.06152
1.06152
1.06152
0.92041
0.92041
0.905273
0.905273
0.905273
0.96875
0.96875
0.96875
1.1875
1.1875
1.1875
0.473145
0.473145
0.473145
1.37891
1.37891
1.59229
1.59229
1.59229
0.57666
0.57666
0.57666
0.839844
0.839844
0.839844
0.641602
0.641602
0.641602
0.00537109
0.00537109
0.622559
0.622559
0.622559
0.935547
0.935547
0.935547
1.03076
1.03076
1.03076
1.1416
1.1416
1.29736
1.29736
1.29736
1.25098
1.25098
1.25098
0.963867
0.963867
0.963867
1.09424
1.09424
1.09424
0.242188
0.242188
0.242188
0.920898
0.920898
1.35596
1.35596
1.35596
0.881348
0.881348
0.881348
0.949707
0.949707
0.949707
1.37842
1.37842
1.37598
1.37598
1.37598
1.18408
1.18408
1.18408
0.866699
0.866699
0.866699
0.916504
0.916504
0.916504
2.30371
2.30371
-0.0957031
-0.0957031
-0.0957031
2.2334
2.2334
2.2334
0.126953
0.126953
0.126953
0.0561523
0.0561523
2.26074
2.26074
2.26074
0.97998
0.97998
0.97998
0.293457
0.293457
0.293457
1.46924
1.46924
0.51416
0.51416
0.51416
1.31348
1.31348
1.31348
0.874512
0.874512
0.874512
1.31982
1.31982
1.31982
1.51563
1.51563
1.51563
0.567871
0.567871
1.50781
1.50781
1.50781
0.866211
0.866211
0.866211
1.37744
1.37744
1.37744
1.21533
1.21533
1.21533
0.841797
0.841797
1.10986
1.10986
1.10986
0.48584
0.48584
0.48584
0.751953
0.751953
0.751953
1.31006
1.31006
1.31006
1.72803
1.72803
0.708008
0.708008
0.708008
1.96875
1.96875
1.96875
0.706055
0.706055
0.706055
0.583008
0.583008
1.68506
1.68506
1.68506
0.341309
0.341309
0.341309
1.64258
1.64258
1.64258
0.0795898
0.0795898
0.0795898
1.61133
1.61133
1.20557
1.20557
1.20557
0.621582
0.621582
0.621582
1.53613
1.53613
1.53613
1.24902
1.24902
1.24902
1.15576
1.15576
1.15576
0.246094
0.246094
0.969238
0.969238
0.969238
1.1084
1.1084
1.1084
1.00586
1.00586
1.00586
1.10156
1.10156
1.10156
1.12988
1.12988
1.12988
0.73877
0.73877
1.29199
1.29199
1.29199
1.29492
1.29492
1.29492
0.808594
0.808594
0.808594
0.721191
0.721191
0.721191
1.00635
1.00635
1.36914
1.36914
1.36914
0.84668
0.84668
0.84668
1.86621
1.86621
1.86621
0.835938
0.835938
0.835938
1.0874
1.0874
1.0874
1.28809
1.28809
0.873047
0.873047
0.873047
1.47266
1.47266
1.47266
1.21777
1.21777
1.21777
0.969238
0.969238
0.969238
0.544922
0.544922
1.0835
1.0835
1.0835
1.40137
1.40137
1.40137
1.06885
1.06885
1.06885
0.427734
0.427734
0.427734
1.14648
1.14648
1.14648
1.27979
1.27979
0.980957
0.980957
0.980957
0.966309
0.966309
0.966309
0.86377
0.86377
0.86377
1.45313
1.45313
1.45313
0.932617
0.932617
0.707031
0.707031
0.707031
1.26904
1.26904
1.26904
1.24951
1.24951
1.24951
0.808105
0.808105
0.808105
1.06348
1.06348
0.879395
0.879395
0.879395
1.1748
1.1748
1.1748
1.32227
1.32227
1.32227
0.86377
0.86377
0.86377
1.07275
1.07275
1.23096
1.23096
1.23096
0.933594
0.933594
0.933594
1.01953
1.01953
1.01953
1.2666
1.2666
1.2666
1.12305
1.12305
1.12305
1.146
1.146
1.146
1.05225
1.05225
0.991211
0.991211
0.991211
1.06592
1.06592
1.06592
1.11865
1.11865
1.11865
0.927246
0.927246
0.927246
1.13281
1.13281
1.22705
1.22705
1.22705
0.924805
0.924805
0.924805
1.18555
1.18555
1.18555
1.0498
1.0498
1.0498
1.04736
1.04736
1.04736
1.1582
1.1582
1.1582
1.17334
1.17334
1.05029
1.05029
1.05029
0.950195
0.950195
0.950195
0.996094
0.996094
0.996094
1.05713
1.05713
1.05713
1.13428
1.13428
1.03467
1.03467
1.03467
1.10352
1.10352
1.10352
1.13623
1.13623
1.13623
0.975586
0.975586
0.975586
1.09375
1.09375
1.09375
1.12158
1.12158
1.16162
1.16162
1.16162
0.989746
0.989746
0.989746
1.02393
1.02393
1.02393
1.03564
1.03564
1.03564
1.08691
1.08691
1.08691
1.07666
1.07666
0.991699
0.991699
0.991699
1.1958
1.1958
1.1958
0.895508
0.895508
0.895508
1.03857
1.03857
1.03857
1.21924
1.21924
1.09668
1.09668
1.09668
1.04883
1.04883
1.04883
0.936523
0.936523
0.936523
1.07275
1.07275
1.07275
1.00781
1.00781
1.00781
1.16406
1.16406
1.04883
1.04883
1.04883
1.06299
1.06299
1.06299
1.07568
1.07568
1.07568
1.06934
1.06934
1.06934
1.05762
1.05762
1.05762
1.10547
1.10547
1.10547
1.07715
1.07715
1.0957
1.0957
1.0957
1.03174
1.03174
1.03174
1.09668
1.09668
1.09668
1.07275
1.07275
1.07275
1.07129
1.07129
1.07129
1.07617
1.07617
1.07617
1.12012
1.12012
1.06494
1.06494
1.06494
1.08594
1.08594
1.08594
1.08545
1.08545
1.08545
1.11377
1.11377
1.11377
1.08643
1.08643
1.08643
1.07373
1.07373
1.07373
1.04883
1.04883
1.12598
1.12598
1.12598
1.0752
1.0752
1.0752
1.09961
1.09961
1.09961
1.05176
1.05176
1.05176
1.06152
1.06152
1.06152
1.10352
1.10352
1.10352
1.09521
1.09521
1.07666
1.07666
1.07666
1.08496
1.08496
1.08496
1.07373
1.07373
1.07373
1.08496
1.08496
1.08496
1.08105
1.08105
1.08105
1.09375
1.09375
1.09375
1.05127
1.05127
1.08838
1.08838
1.08838
1.0791
1.0791
1.0791
1.08105
1.08105
1.08105
1.06104
1.06104
1.06104
1.08789
1.08789
1.08789
1.08789
1.08789
1.08789
1.08398
1.08398
1.08789
1.08789
1.08789
1.08398
1.08398
1.08398
1.08154
1.08154
1.08154
1.08838
1.08838
1.08838
1.07666
1.07666
1.07666
1.09766
1.09766
1.09766
1.05957
1.05957
1.08398
1.08398
1.08398
1.06689
1.06689
1.06689
1.0708
1.0708
1.0708
1.07861
1.07861
1.07861
1.08545
1.08545
1.08545
1.08643
1.08643
1.08643
1.09668
1.09668
1.07959
1.07959
1.07959
1.09033
1.09033
1.09033
1.07666
1.07666
1.07666
1.08594
1.08594
1.08594
1.08057
1.08057
1.08057
1.08936
1.08936
1.08936
1.07422
1.07422
1.06982
1.06982
1.06982
1.07861
1.07861
1.07861
1.07324
1.07324
1.07324
1.06689
1.06689
1.06689
1.08594
1.08594
1.08594
1.10352
1.10352
1.06641
1.06641
1.06641
1.07568
1.07568
1.07568
1.0918
1.0918
1.0918
1.08887
1.08887
1.08887
1.06006
1.06006
1.06006
1.07861
1.07861
1.07861
1.09961
1.09961
1.09961
1.07373
1.07373
1.08545
1.08545
1.08545
1.09863
1.09863
1.09863
1.07275
1.07275
1.07275
1.08984
1.08984
1.08984
1.0918
1.0918
1.0918
1.09082
1.09082
1.09082
1.08105
1.08105
1.07422
1.07422
1.07422
1.00879
1.00879
1.00879
1.10156
1.10156
1.10156
1.12451
1.12451
1.12451
1.08936
1.08936
1.08936
1.04736
1.04736
1.04736
1.10156
1.10156
1.10596
1.10596
1.10596
1.07666
1.07666
1.07666
1.07422
1.07422
1.07422
1.0874
1.0874
1.0874
1.08008
1.08008
1.08008
1.08838
1.08838
1.08838
1.06885
1.06885
1.07031
1.07031
1.07031
1.07764
1.07764
1.07764
1.08154
1.08154
1.08154
1.08691
1.08691
1.08691
1.08398
1.08398
1.08398
1.07324
1.07324
1.07324
1.10596
1.10596
1.08057
1.08057
1.08057
1.07861
1.07861
1.07861
1.07324
1.07324
1.07324
1.0752
1.0752
1.0752
1.09277
1.09277
1.09277
1.08057
1.08057
1.08057
1.07129
1.07129
1.0874
1.0874
1.0874
1.0957
1.0957
1.0957
1.09229
1.09229
1.09229
1.09473
1.09473
1.09473
1.06006
1.06006
1.06006
1.07422
1.07422
1.07422
1.09424
1.09424
1.09424
1.09473
1.09473
1.06934
1.06934
1.06934
1.08252
1.08252
1.08252
1.1001
1.1001
1.1001
1.07324
1.07324
1.07324
1.09033
1.09033
1.09033
1.06787
1.06787
1.06787
1.08496
1.08496
1.06104
1.06104
1.06104
1.08789
1.08789
1.08789
1.08789
1.08789
1.08789
1.08398
1.08398
1.08398
1.07764
1.07764
1.07764
1.0791
1.0791
1.0791
1.07764
1.07764
1.07617
1.07617
1.07617
1.09375
1.09375
1.09375
1.07666
1.07666
1.07666
1.06592
1.06592
1.06592
1.10596
1.10596
1.10596
1.08838
1.08838
1.08838
1.08301
1.08301
1.07324
1.07324
1.07324
1.07324
1.07324
1.07324
1.07764
1.07764
1.07764
1.0625
1.0625
1.0625
1.14111
1.14111
1.14111
1.00342
1.00342
1.00342
1.07129
1.07129
1.08398
1.08398
1.08398
1.05518
1.05518
1.05518
1.08691
1.08691
1.08691
1.07227
1.07227
1.07227
1.05322
1.05322
1.05322
1.07666
1.07666
1.07666
1.02441
1.02441
1.14307
1.14307
1.14307
1.104
1.104
1.104
1.06982
1.06982
1.06982
1.13379
1.13379
1.13379
1.0791
1.0791
1.0791
1.10205
1.10205
1.10205
1.06152
1.06152
1.06152
1.05176
1.05176
1.05518
1.05518
1.05518
1.12305
1.12305
1.12305
1.06152
1.06152
1.06152
1.08154
1.08154
1.08154
1.07568
1.07568
1.07568
1.07959
1.07959
1.07959
1.08154
1.08154
1.06201
1.06201
1.06201
1.07178
1.07178
1.07178
1.08447
1.08447
1.08447
1.08252
1.08252
1.08252
1.07715
1.07715
1.07715
1.06592
1.06592
1.06104
1.06104
1.06104
1.09375
1.09375
1.09375
1.0791
1.0791
1.0791
1.09863
1.09863
1.09863
1.06836
1.06836
1.06836
1.08447
1.08447
1.08447
1.07959
1.07959
1.06006
1.06006
1.06006
1.08691
1.08691
1.08691
1.07813
1.07813
1.07813
1.08838
1.08838
1.08838
1.10156
1.10156
1.10156
1.0918
1.0918
1.0918
1.06689
1.06689
1.06689
1.08301
1.08301
1.08301
1.08301
1.08301
1.07715
1.07715
1.07715
1.08936
1.08936
1.08936
1.08398
1.08398
1.08398
1.06396
1.06396
1.06396
1.08154
1.08154
1.07764
1.07764
1.07764
1.09033
1.09033
1.09033
1.0752
1.0752
1.0752
1.08105
1.08105
1.08105
1.09131
1.09131
1.09131
1.07275
1.07275
1.07275
1.07764
1.07764
1.07764
1.07861
1.07861
1.07715
1.07715
1.07715
1.0708
1.0708
1.0708
1.06689
1.06689
1.06689
1.08545
1.08545
1.08545
1.06543
1.06543
1.06543
1.07129
1.07129
1.07129
1.06299
1.06299
1.06885
1.06885
1.06885
1.08398
1.08398
1.08398
1.09375
1.09375
1.09375
1.07324
1.07324
1.07324
1.06738
1.06738
1.06738
1.08057
1.08057
1.08057
1.08008
1.08008
1.08789
1.08789
1.08789
1.09424
1.09424
1.09424
1.0835
1.0835
1.0835
1.06494
1.06494
1.06494
1.07617
1.07617
1.07617
1.08154
1.08154
1.08154
1.06592
1.06592
1.08887
1.08887
1.08887
1.09521
1.09521
1.09521
1.07129
1.07129
1.07129
1.07031
1.07031
1.07031
1.09131
1.09131
1.09131
1.07031
1.07031
1.07031
1.08447
1.08447
1.07178
1.07178
1.07178
0.990723
0.990723
0.990723
1.06006
1.06006
1.06006
1.09473
1.09473
1.09473
1.125
1.125
1.125
1.07129
1.07129
1.11719
1.11719
1.11719
