1.07715
1.07715
1.08838
1.08838
1.08838
1.09912
1.09912
1.09912
1.02832
1.02832
1.02832
1.12939
1.12939
1.12939
1.10254
1.10254
1.08252
1.08252
1.08252
1.0625
1.0625
1.0625
1.11865
1.11865
1.11865
1.07715
1.07715
1.07715
1.10596
1.10596
1.10596
1.07861
1.07861
1.07861
1.10107
1.10107
1.10254
1.10254
1.10254
1.09326
1.09326
1.09326
1.07861
1.07861
1.07861
1.08154
1.08154
1.08154
1.09424
1.09424
1.09424
1.06592
1.06592
1.06592
1.08838
1.08838
1.0874
1.0874
1.0874
1.09277
1.09277
1.09277
1.08691
1.08691
1.08691
1.08301
1.08301
1.08301
1.08936
1.08936
1.08936
1.08105
1.08105
1.08105
1.09473
1.09473
1.10156
1.10156
1.10156
1.07715
1.07715
1.07715
1.0874
1.0874
1.0874
1.0791
1.0791
1.0791
1.08984
1.08984
1.08984
1.09717
1.09717
1.09717
1.10107
1.10107
1.10107
1.09131
1.09131
1.07568
1.07568
1.07568
1.09375
1.09375
1.09375
1.08936
1.08936
1.08936
1.09131
1.09131
1.09131
1.06934
1.06934
1.06934
1.0874
1.0874
1.0874
1.08057
1.08057
1.08936
1.08936
1.08936
1.09668
1.09668
1.09668
1.104
1.104
1.104
1.07959
1.07959
1.07959
1.0708
1.0708
1.0708
1.08838
1.08838
1.08838
1.07666
1.07666
1.07666
1.07959
1.07959
1.07666
1.07666
1.07666
1.08008
1.08008
1.08008
1.07813
1.07813
1.07813
1.09326
1.09326
1.09326
1.11133
1.11133
1.11133
1.08301
1.08301
1.08301
1.08887
1.08887
1.06689
1.06689
1.06689
1.08984
1.08984
1.08984
1.08643
1.08643
1.08643
1.09668
1.09668
1.09668
1.08398
1.08398
1.08398
1.07275
1.07275
1.07617
1.07617
1.07617
1.07813
1.07813
1.07813
1.10205
1.10205
1.10205
1.07813
1.07813
1.07813
1.09814
1.09814
1.09814
1.07324
1.07324
1.07666
1.07666
1.07666
1.08398
1.08398
1.08398
1.07422
1.07422
1.07422
1.08984
1.08984
1.08984
1.10449
1.10449
1.10449
1.06982
1.06982
1.06982
1.0874
1.0874
1.07715
1.07715
1.07715
1.07813
1.07813
1.07813
1.08252
1.08252
1.08252
1.10107
1.10107
1.10107
1.08301
1.08301
1.08301
1.09619
1.09619
1.09619
1.10107
1.10107
1.08887
1.08887
1.08887
1.09326
1.09326
1.09326
1.09521
1.09521
1.09521
1.09375
1.09375
1.09375
1.07178
1.07178
1.07178
1.05908
1.05908
1.05908
1.09131
1.09131
1.10059
1.10059
1.10059
1.0957
1.0957
1.0957
1.04443
1.04443
1.04443
1.09961
1.09961
1.09961
1.09424
1.09424
1.09424
1.0874
1.0874
1.0874
1.08105
1.08105
1.07617
1.07617
1.07617
1.09619
1.09619
1.09619
1.10742
1.10742
1.10742
1.08057
1.08057
1.08057
1.09082
1.09082
1.09082
1.08594
1.08594
1.08594
1.09424
1.09424
1.06689
1.06689
1.06689
1.09229
1.09229
1.09229
1.10156
1.10156
1.10156
1.07031
1.07031
1.07031
1.09473
1.09473
1.09473
1.09375
1.09375
1.08545
1.08545
1.08545
1.09033
1.09033
1.09033
1.10205
1.10205
1.10205
0.996582
0.996582
0.996582
1.14258
1.14258
1.14258
1.09961
1.09961
1.08252
1.08252
1.08252
1.09863
1.09863
1.09863
1.09912
1.09912
1.09912
1.05859
1.05859
1.05859
1.09961
1.09961
1.09961
1.09229
1.09229
1.09424
1.09424
1.09424
1.08057
1.08057
1.08057
1.09375
1.09375
1.09375
1.10059
1.10059
1.10059
1.08887
1.08887
1.08887
1.10254
1.10254
1.10254
1.05664
1.05664
1.08301
1.08301
1.08301
1.08838
1.08838
1.08838
1.08643
1.08643
1.08643
1.06982
1.06982
1.06982
1.09814
1.09814
1.09814
1.09814
1.09814
1.08594
1.08594
1.08594
1.08887
1.08887
1.08887
1.08252
1.08252
1.08252
1.08545
1.08545
1.08545
1.09668
1.09668
1.09668
1.10107
1.10107
1.10107
1.08789
1.08789
1.08838
1.08838
1.08838
1.08447
1.08447
1.08447
1.0874
1.0874
1.0874
1.09668
1.09668
1.09668
1.09033
1.09033
1.09033
1.06299
1.06299
1.06299
1.09521
1.09521
1.08643
1.08643
1.08643
1.08154
1.08154
1.08154
1.08838
1.08838
1.08838
1.08154
1.08154
1.08154
1.10107
1.10107
1.10107
1.09229
1.09229
1.09229
1.10303
1.10303
1.09961
1.09961
1.09961
1.08447
1.08447
1.08447
1.09424
1.09424
1.09424
1.07422
1.07422
1.07422
1.11865
1.11865
1.11865
1.09961
1.09961
1.08984
1.08984
1.08984
1.08545
1.08545
1.08545
1.08398
1.08398
1.08398
1.08008
1.08008
1.08008
1.09229
1.09229
1.09229
1.08301
1.08301
1.08301
1.08496
1.08496
1.09082
1.09082
1.09082
1.09766
1.09766
1.09766
1.08105
1.08105
1.08105
1.08643
1.08643
1.08643
1.08691
1.08691
1.08691
1.08838
1.08838
1.07129
1.07129
1.07129
1.08008
1.08008
1.08008
1.08691
1.08691
1.08691
1.09033
1.09033
1.09033
1.08545
1.08545
1.08545
1.08301
1.08301
1.08301
1.08301
1.08301
1.08447
1.08447
1.08447
1.08398
1.08398
1.08398
1.09131
1.09131
1.09131
1.09668
1.09668
1.09668
1.09766
1.09766
1.09766
1.0874
1.0874
1.0874
1.09131
1.09131
1.10156
1.10156
1.10156
1.10693
1.10693
1.10693
1.08789
1.08789
1.08789
1.11328
1.11328
1.11328
1.09229
1.09229
1.09229
1.08301
1.08301
1.07861
1.07861
1.07861
1.07666
1.07666
1.07666
1.06152
1.06152
1.06152
1.0874
1.0874
1.0874
1.09082
1.09082
1.09082
1.09277
1.09277
1.09277
1.0791
1.0791
1.08105
1.08105
1.08105
1.07715
1.07715
1.07715
1.07715
1.07715
1.07715
1.06885
1.06885
1.06885
1.06396
1.06396
1.06396
1.09277
1.09277
1.09277
1.07861
1.07861
1.08643
1.08643
1.08643
1.07568
1.07568
1.07568
1.08594
1.08594
1.08594
1.09082
1.09082
1.09082
1.08154
1.08154
1.08154
1.08936
1.08936
1.08936
1.08301
1.08301
1.0957
1.0957
1.0957
1.07861
1.07861
1.07861
1.09863
1.09863
1.09863
-0.201172
-0.201172
-0.201172
-4
-4
-4
-2.65234
-2.65234
-2.65234
3.95752
3.95752
-1.46777
-1.46777
-1.46777
0.530762
0.530762
0.530762
0.671387
0.671387
0.671387
1.13672
1.13672
1.13672
1.18945
1.18945
1.58496
1.58496
1.58496
0.98291
0.98291
0.98291
1.34717
1.34717
1.34717
1.06885
1.06885
1.06885
1.2251
1.2251
1.2251
1.09668
1.09668
1.07373
1.07373
1.07373
1.65771
1.65771
1.65771
1.21729
1.21729
1.21729
1.18262
1.18262
1.18262
1.11768
1.11768
1.11768
1.07813
1.07813
1.07861
1.07861
1.07861
1.21826
1.21826
1.21826
1.11426
1.11426
1.11426
0.994141
0.994141
0.994141
1.06836
1.06836
1.06836
1.01172
1.01172
1.15283
1.15283
1.15283
0.944336
0.944336
0.944336
1.14307
1.14307
1.14307
1.07861
1.07861
1.07861
1.04053
1.04053
1.04053
1.18506
1.18506
1.12061
1.12061
1.12061
1.06445
1.06445
1.06445
1.03809
1.03809
1.03809
1.08984
1.08984
1.08984
1.09863
1.09863
1.09863
1.09717
1.09717
1.09717
1.06006
1.06006
1.08691
1.08691
1.08691
1.12793
1.12793
1.12793
1.08789
1.08789
1.08789
1.09863
1.09863
1.09863
1.06104
1.06104
1.06104
1.0166
1.0166
1.0166
1.09863
1.09863
1.11426
1.11426
1.11426
1.12695
1.12695
1.12695
1.07715
1.07715
1.07715
0.995605
0.995605
0.995605
1.06689
1.06689
1.14111
1.14111
1.14111
1.09766
1.09766
1.09766
1.07422
1.07422
1.07422
1.04688
1.04688
1.04688
1.0376
1.0376
1.0376
1.13721
1.13721
1.13721
1.10938
1.10938
1.10938
1.04883
1.04883
1.05469
1.05469
1.05469
1.03125
1.03125
1.03125
1.13037
1.13037
1.13037
1.09375
1.09375
1.09375
1.05371
1.05371
1.05371
1.07959
1.07959
1.05469
1.05469
1.05469
1.1001
1.1001
1.1001
1.12109
1.12109
1.12109
1.05078
1.05078
1.05078
1.07617
1.07617
1.07617
1.10596
1.10596
1.10596
1.05322
1.05322
1.10791
1.10791
1.10791
1.07471
1.07471
1.07471
1.04883
1.04883
1.04883
1.12939
1.12939
1.12939
1.06885
1.06885
1.06885
1.10254
1.10254
1.10254
1.1001
1.1001
1.06396
1.06396
1.06396
1.07959
1.07959
1.07959
1.10352
1.10352
1.10352
1.10156
1.10156
1.10156
1.09619
1.09619
1.09619
1.07813
1.07813
1.07813
1.06689
1.06689
1.09521
1.09521
1.09521
1.09375
1.09375
1.09375
1.0918
1.0918
1.0918
1.08838
1.08838
1.08838
1.07813
1.07813
1.07813
1.10547
1.10547
1.10547
1.09668
1.09668
1.10156
1.10156
1.10156
1.08154
1.08154
1.08154
1.09521
1.09521
1.09521
1.0835
1.0835
1.0835
1.0752
1.0752
1.0752
1.07324
1.07324
1.07324
1.07324
1.07324
1.08887
1.08887
1.08887
1.08105
1.08105
1.08105
1.10547
1.10547
1.10547
1.07568
1.07568
1.07568
1.07031
1.07031
1.07031
0.154785
0.154785
-4
-4
-4
-4
0.329102
0.329102
0.329102
2.81104
2.81104
-1.63623
-1.63623
-1.63623
2.01074
2.01074
2.01074
3.99988
3.99988
3.99988
0.726563
0.726563
0.726563
-0.281738
-0.281738
0.515625
0.515625
0.515625
0.724609
0.724609
0.724609
0.772949
0.772949
0.772949
0.682129
0.682129
0.806152
0.806152
0.806152
1.39453
1.39453
1.39453
1.39893
1.39893
1.39893
1.05566
1.05566
1.05566
0.916992
0.916992
0.883301
0.883301
0.883301
1.27246
1.27246
1.27246
1.18262
1.18262
1.18262
0.992188
0.992188
0.992188
0.796875
0.796875
0.98291
0.98291
0.98291
1.38379
1.38379
1.38379
1.19824
1.19824
1.19824
1.15186
1.15186
1.15186
1.08496
1.08496
0.967285
0.967285
0.967285
1.2168
1.2168
1.2168
1.18945
1.18945
1.18945
1.02051
1.02051
1.02051
0.96582
0.96582
0.96582
1.09814
1.09814
1.12061
1.12061
1.12061
1.14404
1.14404
1.14404
1.06299
1.06299
1.06299
0.982422
0.982422
0.982422
1.04688
1.04688
1.04688
1.19238
1.19238
1.07129
1.07129
1.07129
0.957031
0.957031
0.957031
1.02783
1.02783
1.02783
1.05762
1.05762
1.05762
1.02051
1.02051
1.09668
1.09668
1.09668
1.0293
1.0293
1.0293
0.99707
0.99707
0.99707
1.0542
1.0542
1.0542
1.08838
1.08838
1.08838
1.1001
1.1001
1.1001
1.06299
1.06299
1.06299
1.06982
1.06982
1.05957
1.05957
1.05957
1.11475
1.11475
1.11475
1.11865
1.11865
1.11865
1.03125
1.03125
1.03125
1.06445
1.06445
1.06445
1.08057
1.08057
1.08057
1.05078
1.05078
1.10986
1.10986
1.10986
1.07813
1.07813
1.07813
1.0752
1.0752
1.0752
1.08936
1.08936
1.08936
1.08252
1.08252
1.08252
1.09277
1.09277
1.09277
1.05127
1.05127
1.07373
1.07373
1.07373
1.11133
1.11133
1.11133
1.07666
1.07666
1.07666
1.10596
1.10596
1.10596
1.07861
1.07861
1.07861
1.07178
1.07178
1.07178
1.09668
1.09668
1.11377
1.11377
1.11377
1.09619
1.09619
1.09619
1.09473
1.09473
1.09473
1.06055
1.06055
1.06055
1.10938
1.10938
1.10938
1.12891
1.12891
1.09131
1.09131
1.09131
1.09521
1.09521
1.09521
1.08398
1.08398
1.08398
1.08447
1.08447
1.08447
1.07031
1.07031
1.07031
1.07324
1.07324
1.07324
1.10498
1.10498
1.06543
1.06543
1.06543
1.08203
1.08203
1.08203
1.10938
1.10938
1.10938
1.08154
1.08154
1.08154
1.08447
1.08447
1.08447
1.09375
1.09375
1.08105
1.08105
1.08105
1.06592
1.06592
1.06592
1.08984
1.08984
1.08984
1.07617
1.07617
1.07617
1.09424
1.09424
1.09424
1.07178
1.07178
1.07178
1.07422
1.07422
1.08594
1.08594
1.08594
1.0918
1.0918
1.0918
1.08008
1.08008
1.08008
1.08984
1.08984
1.08984
1.08301
1.08301
1.08301
1.10693
1.10693
1.10693
1.08887
1.08887
1.09521
1.09521
1.09521
1.09375
1.09375
1.09375
1.06689
1.06689
1.06689
1.06787
1.06787
1.06787
1.08301
1.08301
1.08301
1.07617
1.07617
1.07373
1.07373
1.07373
1.07861
1.07861
1.07861
1.07471
1.07471
1.07471
1.09229
1.09229
1.09229
1.0874
1.0874
1.0874
1.08887
1.08887
1.08887
1.08545
1.08545
1.09326
1.09326
1.09326
1.08447
1.08447
1.08447
1.09814
1.09814
1.09814
1.08496
1.08496
1.08496
1.0874
1.0874
1.0874
1.07324
1.07324
1.07324
1.07959
1.07959
1.09375
1.09375
1.09375
1.08496
1.08496
1.08496
1.08057
1.08057
1.08057
1.1001
1.1001
1.1001
1.07959
1.07959
1.07959
1.09375
1.09375
1.09375
1.09912
1.09912
1.07324
1.07324
1.07324
1.08887
1.08887
1.08887
1.09424
1.09424
1.09424
1.09082
1.09082
1.09082
1.08789
1.08789
1.08789
1.10156
1.10156
1.10156
1.09033
1.09033
1.07471
1.07471
1.07471
1.08691
1.08691
1.08691
1.09424
1.09424
1.09424
1.09326
1.09326
1.09326
1.09424
1.09424
1.09424
1.08643
1.08643
1.09375
1.09375
1.09375
1.09131
1.09131
1.09131
1.0708
1.0708
1.0708
1.07715
1.07715
1.07715
1.08936
1.08936
1.08936
1.08496
1.08496
1.08496
1.08008
1.08008
1.0957
1.0957
1.0957
3.99988
3.99988
3.99988
-1.09473
-1.09473
-1.09473
-2.23877
-2.23877
-2.23877
-1.22803
-1.22803
1.42578
1.42578
1.42578
1.02734
1.02734
1.02734
0.595215
0.595215
0.595215
2.16895
2.16895
2.16895
1.53613
1.53613
1.53613
0.489258
0.489258
0.62207
0.62207
0.62207
1.16992
1.16992
1.16992
1.03564
1.03564
1.03564
0.854492
0.854492
0.854492
0.810059
0.810059
1.26514
1.26514
1.26514
1.3418
1.3418
1.3418
0.871582
0.871582
0.871582
0.864746
0.864746
0.864746
0.789063
0.789063
0.963379
0.963379
0.963379
1.27344
1.27344
1.27344
0.970703
0.970703
0.970703
0.839844
0.839844
0.957031
0.957031
0.957031
1.04736
1.04736
1.04736
1.13379
1.13379
1.13379
1.14746
1.14746
1.14746
1.04785
1.04785
1.02734
1.02734
1.02734
1.23682
1.23682
1.23682
1.24951
1.24951
1.24951
1.17041
1.17041
1.17041
1.09668
1.09668
1.09668
0.991211
0.991211
0.991211
1.06934
1.06934
1.19629
1.19629
1.19629
1.13184
1.13184
1.13184
1.06641
1.06641
1.06641
0.960938
0.960938
0.960938
1.16602
1.16602
1.18848
1.18848
1.18848
1.11719
1.11719
1.11719
1.03613
1.03613
1.03613
1.06299
1.06299
1.06299
1.125
1.125
1.125
1.0835
1.0835
1.0835
1.04004
1.04004
1.04004
1.11182
1.11182
1.05029
1.05029
1.05029
1.07324
1.07324
1.07324
1.09424
1.09424
1.09424
1.10791
1.10791
1.10791
1.1001
1.1001
1.1001
1.09424
1.09424
1.09424
1.09424
1.09424
1.13135
1.13135
1.13135
1.07568
1.07568
1.07568
1.08447
1.08447
1.08447
1.06641
1.06641
1.06641
1.10547
1.10547
1.10547
1.12402
1.12402
1.07715
1.07715
1.07715
1.07813
1.07813
1.07813
1.06641
1.06641
1.06641
1.10742
1.10742
1.10742
1.11133
1.11133
1.11133
1.11621
1.11621
1.11621
1.08398
1.08398
1.06689
1.06689
1.06689
1.0625
1.0625
1.0625
1.10303
1.10303
1.10303
1.07373
1.07373
1.07373
1.06543
1.06543
1.06543
1.07422
1.07422
1.07422
1.07373
1.07373
1.08008
1.08008
1.08008
1.0752
1.0752
1.0752
1.03271
1.03271
1.03271
1.0918
1.0918
1.0918
1.06543
1.06543
1.06543
1.07227
1.07227
1.07227
1.10205
1.10205
1.10205
1.09521
1.09521
1.06348
1.06348
1.06348
1.06787
1.06787
1.06787
1.07666
1.07666
1.07666
1.09229
1.09229
1.09229
1.08594
1.08594
1.08594
1.06445
1.06445
1.08887
1.08887
1.08887
1.11182
1.11182
1.11182
1.08789
1.08789
1.08789
1.06689
1.06689
1.06689
1.10547
1.10547
1.10547
1.10498
1.10498
1.10498
1.09619
1.09619
1.1001
1.1001
1.1001
1.08643
1.08643
1.08643
1.06543
1.06543
1.06543
1.09375
1.09375
1.09375
1.09717
1.09717
1.09717
1.09668
1.09668
1.09668
1.08057
1.08057
1.08154
1.08154
1.08154
1.0918
1.0918
1.0918
1.0874
1.0874
1.0874
1.10205
1.10205
1.10205
1.06494
1.06494
1.06494
1.08105
1.08105
1.08105
1.07373
1.07373
1.09814
1.09814
1.09814
1.09473
1.09473
1.09473
1.09766
1.09766
1.09766
1.07471
1.07471
1.07471
1.09131
1.09131
1.09131
1.08105
1.08105
1.08105
1.08447
1.08447
1.09033
1.09033
1.09033
1.11328
1.11328
1.11328
1.09033
1.09033
1.09033
1.09375
1.09375
1.09375
1.07324
1.07324
1.07324
1.10303
1.10303
1.07129
1.07129
1.07129
1.08252
1.08252
1.08252
1.0957
1.0957
1.0957
1.07715
1.07715
1.07715
1.07568
1.07568
1.07568
1.09229
1.09229
1.09229
1.10547
1.10547
1.07813
1.07813
1.07813
1.05762
1.05762
1.05762
1.07471
1.07471
1.07471
1.0918
1.0918
1.0918
1.08838
1.08838
1.08838
1.10059
1.10059
1.10059
1.08203
1.08203
1.08203
1.11328
1.11328
1.10059
1.10059
1.10059
1.08838
1.08838
1.08838
1.07275
1.07275
1.07275
1.07959
1.07959
1.07959
1.07813
1.07813
1.07813
1.06689
1.06689
1.09473
1.09473
1.09473
1.08154
1.08154
1.08154
1.09521
1.09521
1.09521
1.06885
1.06885
1.06885
1.08057
1.08057
1.08057
1.07275
1.07275
1.07275
1.08105
1.08105
1.09375
1.09375
1.09375
1.07031
1.07031
1.07031
1.07031
1.07031
1.07031
1.0874
1.0874
1.0874
1.08691
1.08691
1.08691
1.07031
1.07031
1.0835
1.0835
1.0835
1.09082
1.09082
1.09082
1.06885
1.06885
1.06885
1.07275
1.07275
1.07275
1.1001
1.1001
1.1001
1.0918
1.0918
1.0918
1.09277
1.09277
1.09277
1.08496
1.08496
1.08496
1.07715
1.07715
1.09277
1.09277
1.09277
1.0874
1.0874
1.0874
1.08496
1.08496
1.08496
1.09131
1.09131
1.09131
1.08984
1.08984
1.08984
1.06836
1.06836
1.06836
1.1123
1.1123
1.07373
1.07373
1.07373
1.08643
1.08643
1.08643
1.08691
1.08691
1.08691
1.32861
1.32861
1.32861
2.01074
2.01074
2.01074
-4
-4
-4
-1.46973
-1.46973
-1.46973
3.41943
3.41943
3.41943
-0.57959
-0.57959
0.552734
0.552734
0.552734
2.41504
2.41504
2.41504
1.68359
1.68359
1.68359
1.13916
1.13916
1.13916
1.48193
1.48193
0.973633
0.973633
0.973633
0.990234
0.990234
0.990234
1.23926
1.23926
1.23926
1.39355
1.39355
0.871094
0.871094
0.871094
0.495605
0.495605
0.495605
0.691895
0.691895
0.691895
1.10986
1.10986
1.10986
1.23193
1.23193
0.871582
0.871582
0.871582
0.895996
0.895996
0.895996
1.06641
1.06641
1.06641
1.24805
1.24805
1.34521
1.34521
1.34521
0.973145
0.973145
0.973145
0.997559
0.997559
0.997559
1.06641
1.06641
1.06641
1.13721
1.13721
1.21338
1.21338
1.21338
1.104
1.104
1.104
1.0918
1.0918
1.0918
1.08984
1.08984
1.08984
1.25
1.25
1.25
1.18945
1.18945
1.18945
1.04199
1.04199
1.04199
1.07715
1.07715
1.07715
1.19482
1.19482
1.19482
1.06787
1.06787
1.15137
1.15137
1.15137
1.23584
1.23584
1.23584
1.02686
1.02686
1.02686
1.04785
1.04785
1.04785
1.13916
1.13916
1.13916
1.12939
1.12939
1.13086
1.13086
1.13086
0.989258
0.989258
0.989258
1.02783
1.02783
1.02783
1.19092
1.19092
1.19092
1.03906
1.03906
1.03906
1.0835
1.0835
1.0835
1.08203
1.08203
1.07227
1.07227
1.07227
1.08008
1.08008
1.08008
1.04736
1.04736
1.04736
1.10303
1.10303
1.10303
1.07666
1.07666
1.07666
0.987793
0.987793
1.12695
1.12695
1.12695
1.12988
1.12988
1.12988
1.04736
1.04736
1.04736
1.0918
1.0918
1.0918
1.01123
1.01123
1.01123
1.08594
1.08594
1.08594
1.13672
1.13672
1.04785
1.04785
1.04785
1.07373
1.07373
1.07373
1.04541
1.04541
1.04541
1.05225
1.05225
1.05225
1.13818
1.13818
1.13818
1.06494
1.06494
1.06494
1.04688
1.04688
1.08154
1.08154
1.08154
1.06396
1.06396
1.06396
1.10596
1.10596
1.10596
1.11963
1.11963
1.11963
1.07031
1.07031
1.07031
1.06104
1.06104
1.06201
1.06201
1.06201
1.10693
1.10693
1.10693
1.11182
1.11182
1.11182
1.07031
1.07031
1.07031
1.06006
1.06006
1.06006
1.11133
1.11133
1.05957
1.05957
1.05957
1.0708
1.0708
1.0708
1.08789
1.08789
1.08789
1.08643
1.08643
1.08643
1.08154
1.08154
1.08154
1.09082
1.09082
1.09082
1.10059
1.10059
1.0752
1.0752
1.0752
1.06592
1.06592
1.06592
1.07813
1.07813
1.07813
1.11865
1.11865
1.11865
1.08252
1.08252
1.08252
1.07617
1.07617
1.07617
1.08154
1.08154
1.07666
1.07666
1.07666
1.10107
1.10107
1.10107
1.07813
1.07813
1.07813
1.0874
1.0874
1.0874
1.0957
1.0957
1.0957
1.05566
1.05566
1.05566
1.07813
1.07813
1.07813
1.0752
1.0752
1.07471
1.07471
1.07471
1.08984
1.08984
1.08984
1.0752
1.0752
1.0752
1.08301
1.08301
1.08301
1.07861
1.07861
1.07861
1.08252
1.08252
1.08252
1.07324
1.07324
1.07129
1.07129
1.07129
1.07861
1.07861
1.07861
1.0791
1.0791
1.0791
1.08838
1.08838
1.08838
1.09375
1.09375
1.09375
1.09473
1.09473
1.09473
1.09131
1.09131
1.0752
1.0752
1.0752
1.0918
1.0918
1.0918
1.08252
1.08252
1.08252
1.09424
1.09424
1.09424
1.08984
1.08984
1.08984
1.07861
1.07861
1.07861
1.07959
1.07959
1.07959
1.0874
1.0874
1.06738
1.06738
1.06738
1.0874
1.0874
1.0874
1.07617
1.07617
1.07617
1.07373
1.07373
1.07373
1.0752
1.0752
1.0752
1.10596
1.10596
1.10596
1.06982
1.06982
1.06982
1.08545
1.08545
1.0835
1.0835
1.0835
1.09277
1.09277
1.09277
1.07813
1.07813
1.07813
1.07275
1.07275
1.07275
1.09521
1.09521
1.09521
1.0625
1.0625
1.0625
1.0625
1.0625
1.0625
1.0918
1.0918
1.0918
1.07373
1.07373
1.07227
1.07227
1.07227
1.38281
1.38281
1.38281
-1.28955
-1.28955
-1.28955
-4
-4
-4
-0.683594
-0.683594
-0.683594
1.6792
1.6792
1.6792
0.847656
0.847656
0.847656
0.540039
0.540039
1.67969
1.67969
1.67969
1.85889
1.85889
1.85889
0.519043
0.519043
0.519043
0.672852
0.672852
0.944336
0.944336
0.944336
1.06299
1.06299
1.06299
0.85498
0.85498
0.85498
0.719727
0.719727
0.719727
1.14746
1.14746
1.22852
1.22852
1.22852
0.843262
0.843262
0.843262
0.944336
0.944336
0.944336
0.84082
0.84082
0.84082
0.917969
0.917969
1.24121
1.24121
1.24121
1.00586
1.00586
1.00586
0.83252
0.83252
0.83252
0.914551
0.914551
0.914551
1.08301
1.08301
1.05762
1.05762
1.05762
1.12207
1.12207
1.12207
1.05811
1.05811
1.05811
0.991699
0.991699
0.991699
1.17822
1.17822
1.17822
1.2207
1.2207
1.01563
1.01563
1.01563
1.07275
1.07275
1.07275
1.00977
1.00977
1.00977
1.07666
1.07666
1.07666
1.11426
1.11426
1.11426
1.13086
1.13086
1.13086
1.05469
1.05469
0.989746
0.989746
0.989746
1.10596
1.10596
1.10596
1.18115
1.18115
1.18115
1.06396
1.06396
1.06396
1.02637
1.02637
1.04004
1.04004
1.04004
1.1167
1.1167
1.1167
1.09082
1.09082
1.09082
1.04736
1.04736
1.04736
1.08301
1.08301
1.08301
1.06885
1.06885
1.06885
1.06396
1.06396
1.09131
1.09131
1.09131
1.08984
1.08984
1.08984
1.0752
1.0752
1.0752
1.06445
1.06445
1.06445
1.10303
1.10303
1.10303
1.10986
1.10986
1.10986
1.05469
1.05469
1.05469
1.08008
1.08008
1.07715
1.07715
1.07715
1.11279
1.11279
1.11279
1.09326
1.09326
1.09326
1.06348
1.06348
1.06348
1.08154
1.08154
1.08154
1.07666
1.07666
1.08691
1.08691
1.08691
1.10742
1.10742
1.10742
1.10938
1.10938
1.10938
1.06201
1.06201
1.06201
1.09033
1.09033
1.09033
1.08105
1.08105
1.08105
1.07178
1.07178
1.07715
1.07715
1.07715
1.06592
1.06592
1.06592
1.0625
1.0625
1.0625
1.06592
1.06592
1.06592
1.09717
1.09717
1.09717
1.10693
1.10693
1.10693
1.0459
1.0459
1.07422
1.07422
1.07422
1.07666
1.07666
1.07666
1.08057
1.08057
1.08057
1.07861
1.07861
1.07861
1.07568
1.07568
1.07568
1.0752
1.0752
1.0752
1.07666
1.07666
1.08105
1.08105
1.08105
1.08057
1.08057
1.08057
1.0625
1.0625
1.0625
1.07959
1.07959
1.07959
1.0835
1.0835
1.0835
1.09131
1.09131
1.09131
1.0918
1.0918
1.0918
1.07861
1.07861
1.07861
1.09961
1.09961
1.07764
1.07764
1.07764
1.0625
1.0625
1.0625
1.08203
1.08203
1.08203
1.09033
1.09033
1.09033
1.07275
1.07275
1.07275
1.08691
1.08691
1.08691
1.08252
1.08252
1.10156
1.10156
1.10156
1.08496
1.08496
1.08496
1.05859
1.05859
1.05859
1.0918
1.0918
1.0918
1.0708
1.0708
1.0708
1.0918
1.0918
1.0918
1.09668
1.09668
1.09668
1.10059
1.10059
1.08838
1.08838
1.08838
1.06738
1.06738
1.06738
1.07275
1.07275
1.07275
1.07813
1.07813
1.07813
1.07764
1.07764
1.07764
1.07422
1.07422
1.07422
1.07813
1.07813
1.0708
1.0708
1.0708
1.10742
1.10742
1.10742
1.09863
1.09863
1.09863
1.10156
1.10156
1.10156
1.06787
1.06787
1.06787
1.06885
1.06885
1.06885
1.07178
1.07178
1.09961
1.09961
1.09961
1.07031
1.07031
1.07031
1.08203
1.08203
1.08203
1.10596
1.10596
1.10596
1.06738
1.06738
1.06738
1.09912
1.09912
1.08936
1.08936
1.08936
-0.987793
-0.987793
-0.987793
-1.50537
-1.50537
-1.50537
3.99988
3.99988
3.99988
1.30078
1.30078
0.20459
0.20459
0.20459
1.00488
1.00488
1.00488
1.24756
1.24756
1.24756
-0.128906
-0.128906
-0.128906
0.256836
0.256836
0.686523
0.686523
0.686523
2.00781
2.00781
2.00781
1.44873
1.44873
1.44873
1.27783
1.27783
1.27783
1.22803
1.22803
1.77393
1.77393
1.77393
1.43701
1.43701
1.43701
1.13477
1.13477
1.13477
1.05469
1.05469
1.05469
1.20898
1.20898
1.20898
1.12549
1.12549
1.12549
0.963379
0.963379
1.27197
1.27197
1.27197
1.0249
1.0249
1.0249
1.14258
1.14258
1.14258
0.886719
0.886719
0.886719
1.1748
1.1748
1.1748
0.932129
0.932129
0.980469
0.980469
0.980469
0.967773
0.967773
0.967773
1.07813
1.07813
1.07813
0.973145
0.973145
1.05713
1.05713
1.05713
1.07324
1.07324
1.07324
0.935547
0.935547
0.935547
1.03271
1.03271
1.03271
1.1416
1.1416
1.1416
1.15527
1.15527
1.0083
1.0083
1.0083
0.972656
0.972656
0.972656
1.15283
1.15283
1.15283
1.05713
1.05713
1.05713
1.10938
1.10938
1.10938
1.07031
1.07031
0.988281
0.988281
0.988281
1.10498
1.10498
1.10498
1.17725
1.17725
1.17725
1.16992
1.16992
1.16992
1.06055
1.06055
1.06055
1.04443
1.04443
1.06201
1.06201
1.06201
1.09814
1.09814
1.09814
1.16992
1.16992
1.16992
1.06348
1.06348
1.06348
1.03027
1.03027
1.03027
1.0791
1.0791
1.0791
1.10986
1.10986
1.11084
1.11084
1.11084
1.06689
1.06689
1.06689
0.97168
0.97168
0.97168
1.10107
1.10107
1.10107
1.12842
1.12842
1.12842
1.09277
1.09277
1.08496
1.08496
1.08496
1.05762
1.05762
1.05762
1.10352
1.10352
1.10352
1.07227
1.07227
1.07227
1.06592
1.06592
1.06592
1.11133
1.11133
1.11133
1.06592
1.06592
1.05469
1.05469
1.05469
1.11719
1.11719
1.11719
1.10156
1.10156
1.10156
1.08105
1.08105
1.08105
1.02002
1.02002
1.02002
1.10791
1.10791
1.12305
1.12305
1.12305
1.06836
1.06836
1.06836
1.05273
1.05273
1.05273
1.07617
1.07617
1.07617
1.08252
1.08252
1.08252
1.0918
1.0918
1.0918
1.07959
1.07959
1.08545
1.08545
1.08545
1.08691
1.08691
1.08691
1.0332
1.0332
1.0332
1.08936
1.08936
1.08936
1.09912
1.09912
1.09912
1.05615
1.05615
1.05615
1.0874
1.0874
1.0918
1.0918
1.0918
1.06445
1.06445
1.06445
1.07861
1.07861
1.07861
1.07129
1.07129
1.07129
1.0918
1.0918
1.0918
1.06787
1.06787
1.06787
1.08936
1.08936
1.08936
1.08154
1.08154
1.07129
1.07129
1.07129
1.09131
1.09131
1.09131
1.08447
1.08447
1.08447
1.09424
1.09424
1.09424
1.08838
1.08838
1.08838
1.07324
1.07324
1.07324
1.08398
1.08398
1.10449
1.10449
1.10449
1.09082
1.09082
1.09082
1.07959
1.07959
1.07959
1.06641
1.06641
1.06641
1.05957
1.05957
1.05957
1.08008
1.08008
1.08008
1.08838
1.08838
1.09863
1.09863
1.09863
1.08301
1.08301
1.08301
1.08887
1.08887
1.08887
1.09375
1.09375
1.09375
1.09521
1.09521
1.09521
1.08008
1.08008
1.08154
1.08154
1.08154
1.08838
1.08838
1.08838
1.0625
1.0625
1.0625
1.07715
1.07715
1.07715
1.09229
1.09229
1.09229
1.07959
1.07959
1.07959
1.07178
1.07178
1.10645
1.10645
1.10645
1.08887
1.08887
1.08887
1.08252
1.08252
1.08252
1.07959
1.07959
1.07959
1.06836
1.06836
1.06836
1.08545
1.08545
1.08545
1.07324
1.07324
1.10303
1.10303
1.10303
1.10254
1.10254
1.10254
1.07715
1.07715
1.07715
1.0625
1.0625
1.0625
1.08887
1.08887
1.08887
1.09131
1.09131
1.09131
-0.560547
-0.560547
-0.989258
-0.989258
-0.989258
3.99988
3.99988
3.99988
0.558594
0.558594
0.558594
1.53711
1.53711
2.01416
2.01416
2.01416
1.88867
1.88867
1.88867
0.4375
0.4375
0.4375
1.3833
1.3833
1.3833
0.838867
0.838867
0.838867
0.640625
0.640625
1.12109
1.12109
1.12109
1.12158
1.12158
1.12158
1.1875
1.1875
1.1875
1.44385
1.44385
1.44385
1.13086
1.13086
1.13086
1.38379
1.38379
1.38379
1.07666
1.07666
0.861816
0.861816
0.861816
1.29785
1.29785
1.29785
1.36133
1.36133
1.36133
1.24561
1.24561
1.24561
1.05566
1.05566
1.05566
1.08838
1.08838
1.02246
1.02246
1.02246
1.19043
1.19043
1.19043
1.08105
1.08105
1.08105
0.960938
0.960938
0.960938
0.950684
0.950684
1.07666
1.07666
1.07666
1.12842
1.12842
1.12842
1.03955
1.03955
1.03955
1.0415
1.0415
1.0415
0.942871
0.942871
0.942871
1.08398
1.08398
1.14014
1.14014
1.14014
1.09375
1.09375
1.09375
1.03271
1.03271
1.03271
0.970215
0.970215
0.970215
1.11768
1.11768
1.11768
1.12305
1.12305
1.1001
1.1001
1.1001
1.06104
1.06104
1.06104
0.98877
0.98877
0.98877
1.11768
1.11768
1.11768
1.1626
1.1626
1.1626
1.0957
1.0957
1.0957
1.02295
1.02295
1.04688
1.04688
1.04688
1.07129
1.07129
1.07129
1.12891
1.12891
1.12891
1.07471
1.07471
1.07471
1.04199
1.04199
1.04199
1.04492
1.04492
1.04492
1.07715
1.07715
1.12744
1.12744
1.12744
1.08301
1.08301
1.08301
1.04736
1.04736
1.04736
1.06934
1.06934
1.06934
1.11621
1.11621
1.11621
1.1084
1.1084
1.1084
1.07275
1.07275
1.06543
1.06543
1.06543
1.07129
1.07129
1.07129
1.13965
1.13965
1.13965
1.0874
1.0874
1.0874
1.07568
1.07568
1.07568
1.06934
1.06934
1.06934
1.1001
1.1001
1.1001
1.10889
1.10889
1.08789
1.08789
1.08789
1.09766
1.09766
1.09766
1.0957
1.0957
1.0957
1.05811
1.05811
1.05811
1.10742
1.10742
1.10742
1.11328
1.11328
1.11328
1.06104
1.06104
1.08252
1.08252
1.08252
1.1001
1.1001
1.1001
1.06592
1.06592
1.06592
1.09912
1.09912
1.09912
1.06494
1.06494
1.06494
1.09131
1.09131
1.09131
1.0957
1.0957
1.07715
1.07715
1.07715
1.08398
1.08398
1.08398
1.08203
1.08203
1.08203
1.07617
1.07617
1.07617
1.08203
1.08203
1.08203
1.08789
1.08789
1.08789
1.07568
1.07568
1.05469
1.05469
1.05469
1.06689
1.06689
1.06689
1.08252
1.08252
1.08252
1.09229
1.09229
1.09229
1.07275
1.07275
1.07275
1.09424
1.09424
1.08545
1.08545
1.08545
1.08838
1.08838
1.08838
1.08838
1.08838
1.08838
1.08008
1.08008
1.08008
1.09131
1.09131
1.09131
1.07324
1.07324
1.07324
1.07178
1.07178
1.10156
1.10156
1.10156
1.08105
1.08105
1.08105
1.09473
1.09473
1.09473
1.07959
1.07959
1.07959
1.07471
1.07471
1.07471
1.05469
1.05469
1.06299
1.06299
1.06299
1.06201
1.06201
1.06201
1.09131
1.09131
1.09131
1.06396
1.06396
1.06396
1.08105
1.08105
1.08105
1.07422
1.07422
1.07422
1.06738
1.06738
1.0752
1.0752
1.0752
1.07129
1.07129
1.07129
1.08887
1.08887
1.08887
1.08008
1.08008
1.08008
1.07568
1.07568
1.07568
1.09131
1.09131
1.09131
1.07568
1.07568
1.07568
1.06641
1.06641
1.08838
1.08838
1.08838
1.08594
1.08594
1.08594
1.0542
1.0542
1.0542
1.08301
1.08301
1.08301
1.09619
1.09619
1.09619
1.08984
1.08984
1.08984
1.06836
1.06836
1.09375
1.09375
1.09375
1.08105
1.08105
1.08105
1.06934
1.06934
1.06934
1.07178
1.07178
1.07178
1.07959
1.07959
1.07959
1.08057
1.08057
1.0835
1.0835
1.0835
1.0835
1.0835
1.0835
1.07227
1.07227
1.07227
1.09521
1.09521
1.09521
1.07129
1.07129
1.07129
1.09229
1.09229
1.09229
1.07617
1.07617
1.07617
1.07275
1.07275
1.08447
1.08447
1.08447
1.09912
1.09912
1.09912
1.06494
1.06494
1.06494
1.07861
1.07861
1.07861
1.0957
1.0957
1.0957
1.05762
1.05762
1.05762
1.07568
1.07568
1.09326
1.09326
1.09326
1.05713
1.05713
1.05713
1.08984
1.08984
1.08984
1.07568
1.07568
1.07568
1.09961
1.09961
1.09961
1.07813
1.07813
1.07813
1.104
1.104
1.104
1.06787
1.06787
1.09521
1.09521
1.09521
1.08252
1.08252
1.08252
1.0498
1.0498
1.0498
1.09717
1.09717
1.09717
1.11084
1.11084
1.11084
1.07617
1.07617
1.07617
1.07178
1.07178
1.08105
1.08105
1.08105
1.0708
1.0708
1.0708
1.09082
1.09082
1.09082
1.0835
1.0835
1.0835
1.07568
1.07568
1.07568
1.08838
1.08838
1.08838
1.07666
1.07666
1.07666
1.09229
1.09229
1.09082
1.09082
1.09082
1.05127
1.05127
1.05127
1.13867
1.13867
1.13867
1.04004
1.04004
1.04004
1.07324
1.07324
1.07324
1.1001
1.1001
1.1001
1.07324
1.07324
1.09814
1.09814
1.09814
1.08008
1.08008
1.08008
1.09668
1.09668
1.09668
1.0752
1.0752
1.0752
1.09131
1.09131
1.09131
1.08594
1.08594
1.08594
1.09424
1.09424
1.09277
1.09277
1.09277
1.05273
1.05273
1.05273
1.09375
1.09375
1.09375
1.0874
1.0874
1.0874
1.0752
1.0752
1.0752
1.07031
1.07031
1.07031
1.06641
1.06641
1.06641
1.08252
1.08252
1.09473
1.09473
1.09473
1.06982
1.06982
1.06982
1.10254
1.10254
1.10254
1.104
1.104
1.104
1.09619
1.09619
1.09619
1.08252
1.08252
1.08252
1.07373
1.07373
1.07373
1.09863
1.09863
1.07764
1.07764
1.07764
1.07373
1.07373
1.07373
1.08252
1.08252
1.08252
1.08447
1.08447
1.08447
1.07275
1.07275
1.07275
1.08154
1.08154
1.07227
1.07227
1.07227
1.07861
1.07861
1.07861
1.08203
1.08203
1.08203
1.10059
1.10059
1.10059
1.09717
1.09717
1.09717
1.06006
1.06006
1.06006
1.08105
1.08105
1.09814
1.09814
1.09814
1.06982
1.06982
1.06982
1.07617
1.07617
1.07617
1.0918
1.0918
1.0918
1.08301
1.08301
1.08301
1.05908
1.05908
1.05908
1.07715
1.07715
1.09424
1.09424
1.09424
1.06885
1.06885
1.06885
1.08398
1.08398
1.08398
1.07666
1.07666
1.07666
1.09814
1.09814
1.09814
1.09326
1.09326
1.07422
1.07422
1.07422
1.0791
1.0791
1.0791
1.05566
1.05566
1.05566
1.08789
1.08789
1.08789
1.08154
1.08154
1.08154
1.08447
1.08447
1.08447
1.08398
1.08398
1.07568
1.07568
1.07568
1.06348
1.06348
1.06348
1.09326
1.09326
1.09326
1.07715
1.07715
1.07715
1.09424
1.09424
1.09424
1.08008
1.08008
1.08008
1.09033
1.09033
1.08545
1.08545
1.08545
1.09521
1.09521
1.09521
1.06201
1.06201
1.06201
1.08594
1.08594
1.08594
1.06445
1.06445
1.06445
1.06543
1.06543
1.07764
1.07764
1.07764
1.08008
1.08008
1.08008
1.07275
1.07275
1.07275
1.08301
1.08301
1.08301
1.07617
1.07617
1.07617
1.07715
1.07715
1.07715
1.07568
1.07568
1.08301
1.08301
1.08301
1.07764
1.07764
1.07764
1.07178
1.07178
1.07178
1.08936
1.08936
1.08936
1.08594
1.08594
1.08594
1.0791
1.0791
1.0791
1.08252
1.08252
1.06201
1.06201
1.06201
1.0874
1.0874
1.0874
1.07959
1.07959
1.07959
1.07813
1.07813
1.07813
1.10498
1.10498
1.10498
1.07422
1.07422
1.07422
1.08545
1.08545
1.09082
1.09082
1.09082
1.09424
1.09424
1.09424
1.10303
1.10303
1.10303
1.07275
1.07275
1.07275
1.08105
1.08105
1.08105
1.10889
1.10889
1.09277
1.09277
1.09277
1.08936
1.08936
1.08936
1.09521
1.09521
1.09521
1.07324
1.07324
1.07324
1.07324
1.07324
1.07324
1.09424
1.09424
1.09424
1.07324
1.07324
1.08545
1.08545
1.08545
1.06299
1.06299
1.06299
1.08789
1.08789
1.08789
1.07129
1.07129
1.07129
1.08301
1.08301
1.08301
1.07813
1.07813
1.08936
1.08936
1.08936
1.08105
1.08105
1.08105
1.09863
1.09863
1.09863
1.05615
1.05615
1.05615
1.07959
1.07959
1.07959
1.08545
1.08545
1.08545
1.07568
1.07568
1.10449
1.10449
1.10449
1.08398
1.08398
1.08398
1.09424
1.09424
1.09424
1.08301
1.08301
1.08301
1.08252
1.08252
1.08252
1.08301
1.08301
1.08643
1.08643
1.08643
1.05029
1.05029
1.05029
1.06592
1.06592
1.06592
1.08887
1.08887
1.08887
1.10352
1.10352
1.10352
1.09033
1.09033
1.09033
1.06885
1.06885
1.07227
1.07227
1.07227
1.0835
1.0835
1.0835
1.08008
1.08008
1.08008
1.08252
1.08252
1.08252
1.05615
1.05615
1.05615
1.08105
1.08105
1.08105
1.07324
1.07324
1.07324
1.05469
1.05469
1.07617
1.07617
1.07617
1.0708
1.0708
1.0708
1.06836
1.06836
1.06836
1.08057
1.08057
1.08057
1.07568
1.07568
1.07568
1.08203
1.08203
1.08203
1.08496
1.08496
1.08154
1.08154
1.08154
1.07666
1.07666
1.07666
1.07275
1.07275
1.07275
1.0874
1.0874
1.0874
1.07178
1.07178
1.07178
