1.09473
1.09473
1.0957
1.0957
1.0957
1.10986
1.10986
1.10986
0.993164
0.993164
0.993164
1.12695
1.12695
1.12695
1.08203
1.08203
1.08203
1.10156
1.10156
1.06006
1.06006
1.06006
1.09375
1.09375
1.09375
1.0708
1.0708
1.0708
1.08594
1.08594
1.08594
1.07715
1.07715
1.07715
1.08105
1.08105
1.08105
1.09961
1.09961
1.09961
1.08936
1.08936
1.07324
1.07324
1.07324
1.09277
1.09277
1.09277
1.08105
1.08105
1.08105
1.07373
1.07373
1.07373
1.07324
1.07324
1.07324
1.07617
1.07617
1.0874
1.0874
1.0874
1.08008
1.08008
1.08008
1.09375
1.09375
1.09375
1.07764
1.07764
1.07764
1.06689
1.06689
1.06689
1.07275
1.07275
1.07275
1.08545
1.08545
1.07275
1.07275
1.07275
1.06787
1.06787
1.06787
1.07422
1.07422
1.07422
1.08447
1.08447
1.08447
1.08496
1.08496
1.08496
1.08203
1.08203
1.08203
1.0791
1.0791
1.0752
1.0752
1.0752
1.07617
1.07617
1.07617
1.08496
1.08496
1.08496
1.09131
1.09131
1.09131
1.07861
1.07861
1.07861
1.08105
1.08105
1.08105
1.08398
1.08398
1.07959
1.07959
1.07959
1.0625
1.0625
1.0625
1.09277
1.09277
1.09277
1.07422
1.07422
1.07422
1.09521
1.09521
1.09521
1.08643
1.08643
1.08643
1.08057
1.08057
1.05762
1.05762
1.05762
1.08154
1.08154
1.08154
1.07666
1.07666
1.07666
1.08887
1.08887
1.08887
1.06689
1.06689
1.06689
1.06543
1.06543
1.06543
1.08643
1.08643
1.08594
1.08594
1.08594
1.07617
1.07617
1.07617
1.0835
1.0835
1.0835
1.09521
1.09521
1.09521
1.0752
1.0752
1.0752
1.09277
1.09277
1.09277
1.05908
1.05908
1.05908
1.06885
1.06885
1.06836
1.06836
1.06836
1.08008
1.08008
1.08008
1.08154
1.08154
1.08154
1.08691
1.08691
1.08691
1.10059
1.10059
1.10059
1.07227
1.07227
1.1084
1.1084
1.1084
1.08252
1.08252
1.08252
1.08008
1.08008
1.08008
1.09668
1.09668
1.09668
1.07861
1.07861
1.07861
1.08447
1.08447
1.08447
1.08838
1.08838
1.08838
1.08887
1.08887
1.08545
1.08545
1.08545
1.08447
1.08447
1.08447
1.07031
1.07031
1.07031
1.09619
1.09619
1.09619
1.09082
1.09082
1.09082
1.06787
1.06787
1.09521
1.09521
1.09521
1.09863
1.09863
1.09863
1.104
1.104
1.104
1.08545
1.08545
1.08545
1.08643
1.08643
1.08643
1.0752
1.0752
1.0752
1.07959
1.07959
1.07959
1.09033
1.09033
1.08008
1.08008
1.08008
1.0791
1.0791
1.0791
1.05957
1.05957
1.05957
1.07471
1.07471
1.07471
1.08154
1.08154
1.08154
1.10303
1.10303
1.10303
1.10303
1.10303
1.07715
1.07715
1.07715
1.08496
1.08496
1.08496
1.07813
1.07813
1.07813
1.08252
1.08252
1.08252
1.08398
1.08398
1.08398
1.07324
1.07324
1.07324
1.0957
1.0957
1.09473
1.09473
1.09473
1.07568
1.07568
1.07568
1.09229
1.09229
1.09229
1.08691
1.08691
1.08691
1.08447
1.08447
1.08447
1.08301
1.08301
1.08301
1.0791
1.0791
1.07324
1.07324
1.07324
1.09521
1.09521
1.09521
1.07764
1.07764
1.07764
1.07764
1.07764
1.07764
1.09375
1.09375
1.09375
1.0874
1.0874
1.0874
1.07373
1.07373
1.07861
1.07861
1.07861
1.08105
1.08105
1.08105
1.08252
1.08252
1.08252
1.08398
1.08398
1.08398
1.07031
1.07031
1.07031
1.09424
1.09424
1.09424
1.07031
1.07031
1.09375
1.09375
1.09375
1.06738
1.06738
1.06738
1.08057
1.08057
1.08057
1.07715
1.07715
1.07715
1.08447
1.08447
1.08447
1.07178
1.07178
1.06543
1.06543
1.06543
1.07471
1.07471
1.07471
1.09229
1.09229
1.09229
1.0874
1.0874
1.0874
1.08838
1.08838
1.08838
1.08887
1.08887
1.08887
1.0791
1.0791
1.0791
1.09912
1.09912
1.10205
1.10205
1.10205
1.09424
1.09424
1.09424
1.08594
1.08594
1.08594
1.08545
1.08545
1.08545
1.07568
1.07568
1.07568
1.07617
1.07617
1.08105
1.08105
1.08105
1.06885
1.06885
1.06885
1.08447
1.08447
1.08447
1.09717
1.09717
1.09717
1.09766
1.09766
1.09766
1.10156
1.10156
1.10156
1.08252
1.08252
1.06641
1.06641
1.06641
1.08887
1.08887
1.08887
1.07617
1.07617
1.07617
1.07617
1.07617
1.07617
1.07129
1.07129
1.07129
1.07813
1.07813
1.08838
1.08838
1.08838
1.0957
1.0957
1.0957
1.08545
1.08545
1.08545
1.07959
1.07959
1.07959
1.07471
1.07471
1.07471
1.06885
1.06885
1.06885
1.07666
1.07666
1.08691
1.08691
1.08691
1.08154
1.08154
1.08154
1.08789
1.08789
1.08789
1.07959
1.07959
1.07959
1.06836
1.06836
1.06836
1.07861
1.07861
1.07861
1.06787
1.06787
1.09229
1.09229
1.09229
1.06836
1.06836
1.06836
1.08057
1.08057
1.08057
1.10303
1.10303
1.10303
1.08105
1.08105
1.08105
1.07764
1.07764
1.06299
1.06299
1.06299
1.08936
1.08936
1.08936
1.07373
1.07373
1.07373
1.09375
1.09375
1.09375
1.07324
1.07324
1.07324
1.08398
1.08398
1.09277
1.09277
1.09277
1.0918
1.0918
1.0918
1.09033
1.09033
1.09033
1.09668
1.09668
1.09668
1.07568
1.07568
1.07568
1.07813
1.07813
1.07813
1.07129
1.07129
1.07129
1.08398
1.08398
1.0708
1.0708
1.0708
1.08594
1.08594
1.08594
1.09277
1.09277
1.09277
1.09229
1.09229
1.09229
1.0835
1.0835
1.0835
1.04932
1.04932
1.04932
1.07129
1.07129
1.07129
1.07129
1.07129
1.07324
1.07324
1.07324
1.06445
1.06445
1.06445
1.07959
1.07959
1.07959
1.09717
1.09717
1.09717
1.06885
1.06885
1.06885
1.07568
1.07568
1.08447
1.08447
1.08447
1.08545
1.08545
1.08545
1.07764
1.07764
1.07764
1.08252
1.08252
1.08252
1.0791
1.0791
1.0791
1.06689
1.06689
1.06689
1.08301
1.08301
1.06543
1.06543
1.06543
1.08984
1.08984
1.08984
1.07471
1.07471
1.07471
1.08838
1.08838
1.08838
1.09473
1.09473
1.09473
1.08154
1.08154
1.07666
1.07666
1.07666
1.08838
1.08838
1.08838
1.08691
1.08691
1.08691
1.07275
1.07275
1.07275
1.0874
1.0874
1.0874
1.08496
1.08496
1.08496
1.08984
1.08984
1.08984
1.09375
1.09375
1.07324
1.07324
1.07324
1.07227
1.07227
1.07227
1.06982
1.06982
1.06982
1.07275
1.07275
1.07275
1.07813
1.07813
1.07813
1.07617
1.07617
1.08496
1.08496
1.08496
1.08691
1.08691
1.08691
1.08057
1.08057
1.08057
1.0918
1.0918
1.0918
1.07324
1.07324
1.07324
1.08301
1.08301
1.08301
1.06738
1.06738
1.06738
1.06738
1.06738
1.08691
1.08691
1.08691
1.09521
1.09521
1.09521
1.06689
1.06689
1.06689
1.0918
1.0918
1.0918
1.07666
1.07666
1.07666
1.0874
1.0874
1.0874
1.07813
1.07813
1.08105
1.08105
1.08105
1.07813
1.07813
1.07813
1.07324
1.07324
1.07324
1.07031
1.07031
1.07031
1.0874
1.0874
1.0874
1.07227
1.07227
1.07227
1.0752
1.0752
1.07324
1.07324
1.07324
1.07715
1.07715
1.07715
1.09668
1.09668
1.09668
1.0874
1.0874
1.0874
1.08203
1.08203
1.08203
1.08105
1.08105
1.08105
1.08398
1.08398
1.07471
1.07471
1.07471
1.08203
1.08203
1.08203
1.08301
1.08301
1.08301
1.08984
1.08984
1.08984
1.08301
1.08301
1.08301
1.09033
1.09033
1.09033
1.08594
1.08594
1.07422
1.07422
1.07422
1.08594
1.08594
1.08594
1.09326
1.09326
1.09326
1.07178
1.07178
1.07178
1.11035
1.11035
1.11035
1.06494
1.06494
1.09375
1.09375
1.09375
1.0874
1.0874
1.0874
1.08496
1.08496
1.08496
1.09326
1.09326
1.09326
1.09375
1.09375
1.09375
1.05615
1.05615
1.05615
1.07227
1.07227
1.08203
1.08203
1.08203
1.10449
1.10449
1.10449
1.07422
1.07422
1.07422
1.07568
1.07568
1.07568
1.07373
1.07373
1.07373
1.07617
1.07617
1.0957
1.0957
1.0957
1.08447
1.08447
1.08447
1.05957
1.05957
1.05957
1.08203
1.08203
1.08203
1.0918
1.0918
1.0918
1.09473
1.09473
1.09473
1.09521
1.09521
1.09521
1.08691
1.08691
1.08057
1.08057
1.08057
1.06494
1.06494
1.06494
1.0835
1.0835
1.0835
1.0874
1.0874
1.0874
1.07227
1.07227
1.07227
1.09131
1.09131
1.09131
1.08838
1.08838
1.08838
1.06738
1.06738
1.0791
1.0791
1.0791
1.08252
1.08252
1.08252
1.08838
1.08838
1.08838
1.07471
1.07471
1.07471
1.08154
1.08154
1.08154
1.09131
1.09131
1.09131
1.07471
1.07471
1.07471
1.07471
1.07471
1.0874
1.0874
1.0874
1.07227
1.07227
1.07227
1.08252
1.08252
1.08252
1.0835
1.0835
1.0835
1.09131
1.09131
1.09131
1.08691
1.08691
1.08691
1.08545
1.08545
1.09326
1.09326
1.09326
1.07031
1.07031
1.07031
1.07617
1.07617
1.07617
1.09912
1.09912
1.09912
1.07031
1.07031
1.07031
1.07959
1.07959
1.07617
1.07617
1.07617
1.10107
1.10107
1.10107
1.06836
1.06836
1.06836
1.07861
1.07861
1.07861
1.06787
1.06787
1.06787
1.06299
1.06299
1.09131
1.09131
1.09131
1.07861
1.07861
1.07861
1.08105
1.08105
1.08105
1.09131
1.09131
1.09131
1.0874
1.0874
1.0874
1.09521
1.09521
1.09521
1.08838
1.08838
1.08838
1.08057
1.08057
1.07373
1.07373
1.07373
1.08301
1.08301
1.08301
1.10547
1.10547
1.10547
1.07666
1.07666
1.07666
1.07129
1.07129
1.07129
1.08984
1.08984
1.07031
1.07031
1.07031
1.07178
1.07178
1.07178
1.0708
1.0708
1.0708
1.08496
1.08496
1.08496
1.06934
1.06934
1.06934
1.10693
1.10693
1.10693
1.07373
1.07373
1.0625
1.0625
1.0625
1.08154
1.08154
1.08154
1.07227
1.07227
1.07227
1.06104
1.06104
1.06104
1.06201
1.06201
1.06201
1.09033
1.09033
1.09033
1.07715
1.07715
1.07813
1.07813
1.07813
1.0835
1.0835
1.0835
1.09814
1.09814
1.09814
1.07813
1.07813
1.07813
1.08398
1.08398
1.08398
1.07959
1.07959
1.07959
1.08643
1.08643
1.07715
1.07715
1.07715
1.0791
1.0791
1.0791
1.08154
1.08154
1.08154
1.09521
1.09521
1.09521
1.09766
1.09766
1.09766
1.0957
1.0957
1.0957
1.07129
1.07129
1.08252
1.08252
1.08252
1.09326
1.09326
1.09326
1.06738
1.06738
1.06738
1.09131
1.09131
1.09131
1.08154
1.08154
1.08154
1.07861
1.07861
1.07861
1.0957
1.0957
1.08545
1.08545
1.08545
1.0835
1.0835
1.0835
1.08447
1.08447
1.08447
1.09082
1.09082
1.09082
1.08105
1.08105
1.08105
1.08105
1.08105
1.08105
1.07275
1.07275
1.08936
1.08936
1.08936
1.09277
1.09277
1.09277
1.08838
1.08838
1.08838
1.09082
1.09082
1.09082
1.0708
1.0708
1.0708
1.08008
1.08008
1.08008
1.07324
1.07324
1.07324
1.07275
1.07275
1.09424
1.09424
1.09424
1.08496
1.08496
1.08496
1.08887
1.08887
1.08887
1.07959
1.07959
1.07959
1.10449
1.10449
1.10449
1.09326
1.09326
1.08301
1.08301
1.08301
1.09131
1.09131
1.09131
1.08252
1.08252
1.08252
1.09229
1.09229
1.09229
1.09033
1.09033
1.09033
1.09277
1.09277
1.09277
1.07324
1.07324
1.07568
1.07568
1.07568
1.06641
1.06641
1.06641
1.07373
1.07373
1.07373
1.07715
1.07715
1.07715
1.06934
1.06934
1.06934
1.08301
1.08301
1.08105
1.08105
1.08105
1.08789
1.08789
1.08789
1.06885
1.06885
1.06885
1.09131
1.09131
1.09131
1.0791
1.0791
1.0791
1.07129
1.07129
1.07129
1.07617
1.07617
1.09863
1.09863
1.09863
1.06738
1.06738
1.06738
1.07959
1.07959
1.07959
1.06787
1.06787
1.06787
1.07471
1.07471
1.07471
1.07324
1.07324
1.07324
1.08691
1.08691
1.09082
1.09082
1.09082
1.1001
1.1001
1.1001
1.08154
1.08154
1.08154
1.09375
1.09375
1.09375
1.08203
1.08203
1.08203
1.06299
1.06299
1.06299
1.08496
1.08496
1.06836
1.06836
1.06836
1.07813
1.07813
1.07813
1.09229
1.09229
1.09229
1.09277
1.09277
1.09277
1.07324
1.07324
1.07324
1.09375
1.09375
1.07178
1.07178
1.07178
1.07813
1.07813
1.07813
1.0752
1.0752
1.0752
1.104
1.104
1.104
1.09033
1.09033
1.09033
1.0835
1.0835
1.0835
1.06738
1.06738
1.06738
1.07959
1.07959
1.07959
1.08398
1.08398
1.08154
1.08154
1.08154
1.07275
1.07275
1.07275
1.09082
1.09082
1.09082
1.08594
1.08594
1.08594
1.0835
1.0835
1.0835
1.09131
1.09131
1.09131
1.09326
1.09326
1.08643
1.08643
1.08643
1.08496
1.08496
1.08496
1.07617
1.07617
1.07617
1.08447
1.08447
1.08447
1.07617
1.07617
1.07617
1.08398
1.08398
1.08447
1.08447
1.08447
1.06982
1.06982
1.06982
1.07373
1.07373
1.07373
1.08643
1.08643
1.08643
1.08496
1.08496
1.08496
1.08398
1.08398
1.08398
1.09863
1.09863
1.07715
1.07715
1.07715
1.10156
1.10156
1.10156
1.08301
1.08301
1.08301
1.08594
1.08594
1.08594
1.0835
1.0835
1.0835
1.08545
1.08545
1.08545
1.10059
1.10059
1.10449
1.10449
1.10449
1.08691
1.08691
1.08691
1.09326
1.09326
1.09326
1.08496
1.08496
1.08496
1.07178
1.07178
1.07178
1.06494
1.06494
1.08105
1.08105
1.08105
1.09082
1.09082
1.09082
1.08887
1.08887
1.08887
1.08057
1.08057
1.08057
1.08105
1.08105
1.08105
1.08496
1.08496
1.08496
1.07568
1.07568
1.07666
1.07666
1.07666
1.07568
1.07568
1.07568
1.09473
1.09473
1.09473
1.08545
1.08545
1.08545
1.07666
1.07666
1.07666
1.07471
1.07471
1.07471
1.08594
1.08594
1.08545
1.08545
1.08545
1.08789
1.08789
1.08789
1.06885
1.06885
1.06885
1.10205
1.10205
1.10205
1.10303
1.10303
1.10303
1.06738
1.06738
1.0835
1.0835
1.0835
1.08545
1.08545
1.08545
1.05518
1.05518
1.05518
1.07031
1.07031
1.07031
1.09326
1.09326
1.09326
1.07227
1.07227
1.07227
1.08252
1.08252
1.0708
1.0708
1.0708
1.07666
1.07666
1.07666
1.10059
1.10059
1.10059
1.06836
1.06836
1.06836
1.0918
1.0918
1.0918
1.0918
1.0918
1.0918
1.08105
1.08105
1.08105
1.05664
1.05664
1.06641
1.06641
1.06641
1.08252
1.08252
1.08252
1.08008
1.08008
1.08008
1.07764
1.07764
1.07764
1.10254
1.10254
1.10254
1.08594
1.08594
1.08594
1.08105
1.08105
1.08496
1.08496
1.08496
1.07471
1.07471
1.07471
1.08643
1.08643
1.08643
1.09863
1.09863
1.09863
1.08545
1.08545
1.08545
1.08008
1.08008
1.08594
1.08594
1.08594
1.08984
1.08984
1.08984
1.06152
1.06152
1.06152
1.07178
1.07178
1.07178
1.06494
1.06494
1.06494
1.08643
1.08643
1.07373
1.07373
1.07373
1.07422
1.07422
1.07422
1.06836
1.06836
1.06836
1.08057
1.08057
1.08057
1.0835
1.0835
1.0835
1.06299
1.06299
1.06299
1.07178
1.07178
1.08203
1.08203
1.08203
1.08594
1.08594
1.08594
1.06738
1.06738
1.06738
1.07275
1.07275
1.07275
1.08154
1.08154
1.08154
1.08594
1.08594
1.08594
1.07617
1.07617
1.09131
1.09131
1.09131
1.07422
1.07422
1.07422
1.07031
1.07031
1.07031
1.07617
1.07617
1.07617
1.08691
1.08691
1.08691
1.08398
1.08398
1.09717
1.09717
1.09717
1.06494
1.06494
1.06494
1.08252
1.08252
1.08252
1.08154
1.08154
1.08154
1.08936
1.08936
1.08936
1.06934
1.06934
1.06934
1.07959
1.07959
1.07813
1.07813
1.07813
1.08643
1.08643
1.08643
1.08691
1.08691
1.08691
1.00244
1.00244
1.00244
1.21777
1.21777
1.21777
1.00781
1.00781
1.08105
1.08105
1.08105
1.0835
1.0835
1.0835
1.09375
1.09375
1.09375
1.06787
1.06787
1.06787
1.07178
1.07178
1.07178
1.08105
1.08105
1.08105
1.08691
1.08691
1.09717
1.09717
1.09717
1.09229
1.09229
1.09229
1.08887
1.08887
1.08887
1.07666
1.07666
1.07666
1.0918
1.0918
1.0918
1.06201
1.06201
1.06201
1.09521
1.09521
1.07959
1.07959
1.07959
1.08936
1.08936
1.08936
1.08838
1.08838
1.08838
1.0708
1.0708
1.0708
1.07959
1.07959
1.07959
1.09277
1.09277
1.09277
1.09277
1.09277
1.06445
1.06445
1.06445
1.10645
1.10645
1.10645
1.07666
1.07666
1.07666
1.07764
1.07764
1.07764
1.08105
1.08105
1.08105
1.08545
1.08545
1.08691
1.08691
1.08691
1.07617
1.07617
1.07617
1.07666
1.07666
1.07666
1.08984
1.08984
1.08984
1.08594
1.08594
1.08594
1.09424
1.09424
1.09424
1.08545
1.08545
1.08838
1.08838
1.08838
1.07178
1.07178
1.07178
1.06592
1.06592
1.06592
1.08057
1.08057
1.08057
1.08008
1.08008
1.08008
1.07471
1.07471
1.09424
1.09424
1.09424
1.06592
1.06592
1.06592
1.08301
1.08301
1.08301
1.08691
1.08691
1.08691
1.0752
1.0752
1.0752
1.09521
1.09521
1.09521
1.09424
1.09424
1.08057
1.08057
1.08057
1.07568
1.07568
1.07568
1.08398
1.08398
1.08398
1.06885
1.06885
1.06885
1.08838
1.08838
1.08838
1.06885
1.06885
1.06885
1.0835
1.0835
1.0835
1.0708
1.0708
1.07666
1.07666
1.07666
1.08398
1.08398
1.08398
1.08301
1.08301
1.08301
1.08154
1.08154
1.08154
1.07715
1.07715
1.07715
1.08545
1.08545
1.08545
1.08936
1.08936
1.09961
1.09961
1.09961
1.08301
1.08301
1.08301
1.07715
1.07715
1.07715
1.0874
1.0874
1.0874
1.0835
1.0835
1.0835
1.06055
1.06055
1.06055
1.07617
1.07617
1.09961
1.09961
1.09961
1.10449
1.10449
1.10449
1.09033
1.09033
1.09033
1.08252
1.08252
1.08252
1.07324
1.07324
1.07324
1.08838
1.08838
1.08838
1.07227
1.07227
1.07715
1.07715
1.07715
1.07617
1.07617
1.07617
1.104
1.104
1.104
1.08252
1.08252
1.08252
1.10303
1.10303
1.10303
1.09131
1.09131
1.09131
1.06982
1.06982
1.06982
1.0791
1.0791
1.08984
1.08984
1.08984
1.07227
1.07227
1.07227
1.07471
1.07471
1.07471
1.09521
1.09521
1.09521
1.07617
1.07617
1.07617
1.1001
1.1001
1.1001
1.06738
1.06738
1.07471
1.07471
1.07471
1.07324
1.07324
1.07324
1.08594
1.08594
1.08594
1.08057
1.08057
1.08057
1.07031
1.07031
1.07031
1.07373
1.07373
1.08691
1.08691
1.08691
1.08008
1.08008
1.08008
1.09424
1.09424
1.09424
1.07715
1.07715
1.07715
1.05664
1.05664
1.05664
1.0918
1.0918
1.0918
1.0791
1.0791
1.0791
1.07813
1.07813
1.08154
1.08154
1.08154
1.06348
1.06348
1.06348
1.08545
1.08545
1.08545
1.06885
1.06885
1.06885
1.08936
1.08936
1.08936
1.08154
1.08154
1.08154
1.08643
1.08643
1.08057
1.08057
1.08057
1.07813
1.07813
1.07813
1.09375
1.09375
1.09375
1.07861
1.07861
1.07861
1.06934
1.06934
1.06934
1.10498
1.10498
1.06592
1.06592
1.06592
1.07324
1.07324
1.07324
1.07861
1.07861
1.07861
1.0918
1.0918
1.0918
1.08496
1.08496
1.08496
1.07959
1.07959
1.07959
1.08691
1.08691
1.07764
1.07764
1.07764
1.06787
1.06787
1.06787
1.06982
1.06982
1.06982
1.07568
1.07568
1.07568
1.07813
1.07813
1.07813
1.10107
1.10107
1.10107
1.09277
1.09277
1.09912
1.09912
1.09912
1.08447
1.08447
1.08447
1.0835
1.0835
1.0835
1.08398
1.08398
1.08398
1.09229
1.09229
1.09229
1.08643
1.08643
1.08643
1.08008
1.08008
1.09033
1.09033
1.09033
1.07617
1.07617
1.07617
1.08838
1.08838
1.08838
1.08398
1.08398
1.08398
1.08057
1.08057
1.08057
1.06104
1.06104
1.06104
1.08545
1.08545
1.08838
1.08838
1.08838
1.07568
1.07568
1.07568
1.08105
1.08105
1.08105
1.05859
1.05859
1.05859
1.06982
1.06982
1.06982
1.08252
1.08252
1.08154
1.08154
1.08154
1.08887
1.08887
1.08887
1.07617
1.07617
1.07617
1.07275
1.07275
1.07275
1.09277
1.09277
1.09277
1.09814
1.09814
1.09814
1.07666
1.07666
1.08301
1.08301
1.08301
1.07178
1.07178
1.07178
1.07324
1.07324
1.07324
1.07861
1.07861
1.07861
1.07617
1.07617
1.07617
1.10205
1.10205
1.0752
1.0752
1.0752
1.08203
1.08203
1.08203
1.07031
1.07031
1.07031
1.0752
1.0752
1.0752
1.07324
1.07324
1.07324
1.08398
1.08398
1.08398
1.08838
1.08838
1.08838
1.06494
1.06494
1.07568
1.07568
1.07568
1.09717
1.09717
1.09717
1.08984
1.08984
1.08984
1.07324
1.07324
1.07324
1.07959
1.07959
1.07959
1.07813
1.07813
1.07813
1.09082
1.09082
1.09668
1.09668
1.09668
1.07471
1.07471
1.07471
1.08643
1.08643
1.08643
1.0874
1.0874
1.0874
1.05957
1.05957
1.05957
1.08154
1.08154
1.08154
1.07471
1.07471
1.07422
1.07422
1.07422
1.1123
1.1123
1.1123
1.0752
1.0752
1.0752
1.06641
1.06641
1.06641
1.08936
1.08936
1.08936
1.10303
1.10303
1.10303
1.0752
1.0752
1.0752
1.09961
1.09961
1.09814
1.09814
1.09814
1.0874
1.0874
1.0874
1.08545
1.08545
1.08545
1.08936
1.08936
1.08936
1.08447
1.08447
1.08447
1.09521
1.09521
1.09521
1.09619
1.09619
1.08398
1.08398
1.08398
1.09326
1.09326
1.09326
1.06885
1.06885
1.06885
1.07715
1.07715
1.07715
1.08203
1.08203
1.08203
1.06885
1.06885
1.06885
1.1001
1.1001
1.06299
1.06299
1.06299
1.09766
1.09766
1.09766
1.08154
1.08154
1.08154
1.08154
1.08154
1.08154
1.08838
1.08838
1.08838
1.08057
1.08057
1.08057
1.08398
1.08398
1.06738
1.06738
1.06738
1.07129
1.07129
1.07129
1.08301
1.08301
1.08301
1.06445
1.06445
1.06445
1.09033
1.09033
1.09033
1.07617
1.07617
1.07373
1.07373
1.07373
1.08789
1.08789
1.08789
1.09424
1.09424
1.09424
1.07275
1.07275
1.07275
1.07031
1.07031
1.07031
1.1001
1.1001
1.1001
1.08887
1.08887
1.07861
1.07861
1.07861
1.07324
1.07324
1.07324
1.09277
1.09277
1.09277
1.06592
1.06592
1.06592
1.08594
1.08594
1.08594
1.10596
1.10596
1.10596
1.08594
1.08594
1.09375
1.09375
1.09375
1.08545
1.08545
1.08545
1.09863
1.09863
1.09863
1.08447
1.08447
1.08447
1.06934
1.06934
1.06934
1.06982
1.06982
1.08301
1.08301
1.08301
1.07422
1.07422
1.07422
1.08887
1.08887
1.08887
1.08691
1.08691
1.08691
1.09082
1.09082
1.09082
1.08105
1.08105
1.08105
1.08252
1.08252
1.07568
1.07568
1.07568
1.07666
1.07666
1.07666
1.104
1.104
1.104
1.08447
1.08447
1.08447
1.05322
1.05322
1.05322
1.07959
1.07959
1.07959
1.06982
1.06982
1.07178
1.07178
1.07178
1.07764
1.07764
1.07764
1.08203
1.08203
1.08203
1.08496
1.08496
1.08496
1.0835
1.0835
1.0835
1.06934
1.06934
1.06934
1.04736
1.04736
1.06396
1.06396
1.06396
1.1001
1.1001
1.1001
1.09082
1.09082
1.09082
1.07959
1.07959
1.07959
1.06982
1.06982
1.06982
1.08936
1.08936
1.08936
1.07373
1.07373
1.09229
1.09229
1.09229
1.08252
1.08252
1.08252
1.06934
1.06934
1.06934
1.0708
1.0708
1.0708
1.11133
1.11133
1.11133
1.0791
1.0791
1.0791
1.0752
1.0752
1.0752
1.07666
1.07666
1.10107
1.10107
1.10107
1.07178
1.07178
1.07178
1.08447
1.08447
1.08447
1.09229
1.09229
1.09229
1.07813
1.07813
1.07813
1.0918
1.0918
1.0918
1.07764
1.07764
1.07861
1.07861
1.07861
1.07031
1.07031
1.07031
1.08936
1.08936
1.08936
1.0791
1.0791
1.0791
1.08594
1.08594
1.08594
1.06836
1.06836
1.06836
1.08496
1.08496
1.09814
1.09814
1.09814
1.08545
1.08545
1.08545
1.06982
1.06982
1.06982
1.08057
1.08057
1.08057
1.09277
1.09277
1.09277
1.09521
1.09521
1.09521
1.08545
1.08545
1.06543
1.06543
1.06543
1.07031
1.07031
1.07031
1.07568
1.07568
1.07568
1.08447
1.08447
1.08447
1.09082
1.09082
1.09082
1.07129
1.07129
1.10107
1.10107
1.10107
1.07861
1.07861
1.07861
1.07617
1.07617
1.07617
1.08398
1.08398
1.08398
1.07959
1.07959
1.07959
1.07617
1.07617
1.07617
1.09473
1.09473
1.07227
1.07227
1.07227
1.08203
1.08203
1.08203
1.0791
1.0791
1.0791
1.07373
1.07373
1.07373
1.0625
1.0625
1.0625
1.07764
1.07764
1.07764
1.09277
1.09277
1.09961
1.09961
1.09961
1.08008
1.08008
1.08008
1.09033
1.09033
1.09033
1.08838
1.08838
1.08838
1.0791
1.0791
1.0791
1.08057
1.08057
1.08057
1.07715
1.07715
1.07715
1.07959
1.07959
1.07568
1.07568
1.07568
1.09375
1.09375
1.09375
1.1001
1.1001
1.1001
1.06641
1.06641
1.06641
1.07568
1.07568
1.07568
1.08398
1.08398
1.08398
1.06641
1.06641
1.09326
1.09326
1.09326
1.08008
1.08008
1.08008
1.06445
1.06445
1.06445
1.09863
1.09863
1.09863
1.06006
1.06006
1.06006
1.09766
1.09766
1.09766
1.08545
1.08545
1.07178
1.07178
1.07178
1.07861
1.07861
1.07861
1.08984
1.08984
1.08984
1.08203
1.08203
1.08203
1.07471
1.07471
1.07471
1.06738
1.06738
1.09131
1.09131
1.09131
1.09766
1.09766
1.09766
1.07617
1.07617
1.07617
1.08838
1.08838
1.08838
1.09375
1.09375
1.09375
1.08252
1.08252
1.08252
1.07275
1.07275
1.07568
1.07568
1.07568
1.08691
1.08691
1.08691
1.09961
1.09961
1.09961
1.08301
1.08301
1.08301
1.09766
1.09766
1.09766
1.07031
1.07031
1.09033
1.09033
1.09033
1.0874
1.0874
1.0874
1.08838
1.08838
1.08838
1.07031
1.07031
1.07031
1.08887
1.08887
1.08887
1.07324
1.07324
1.07324
1.07031
1.07031
1.08496
1.08496
1.08496
1.07471
1.07471
1.07471
1.07666
1.07666
1.07666
1.07568
1.07568
1.07568
1.09619
1.09619
1.09619
1.09131
1.09131
1.09131
1.08057
1.08057
1.0708
1.0708
1.0708
1.08252
1.08252
1.08252
1.0918
1.0918
1.0918
1.06396
1.06396
1.06396
1.0835
1.0835
1.0835
1.08154
1.08154
1.08154
1.07764
1.07764
1.07764
1.09717
1.09717
1.07715
1.07715
1.07715
1.07861
1.07861
1.07861
1.08496
1.08496
1.08496
1.0708
1.0708
1.0708
1.07031
1.07031
1.07031
1.08838
1.08838
1.08838
1.07666
1.07666
1.08252
1.08252
1.08252
1.09375
1.09375
1.09375
1.09375
1.09375
1.09375
1.09131
1.09131
1.09131
1.09961
1.09961
1.09961
1.07959
1.07959
1.07959
1.07568
1.07568
1.08301
1.08301
1.08301
1.08447
1.08447
1.08447
1.08789
1.08789
1.08789
1.10498
1.10498
1.10498
1.08643
1.08643
1.08643
1.06104
1.06104
1.09131
1.09131
1.09131
1.08838
1.08838
1.08838
1.06152
1.06152
1.06152
1.06982
1.06982
1.06982
1.09033
1.09033
1.09033
1.08105
1.08105
1.08105
1.07373
1.07373
1.09033
1.09033
1.09033
1.05908
1.05908
1.05908
1.05957
1.05957
1.05957
1.07715
1.07715
1.07715
1.06787
1.06787
1.06787
1.07666
1.07666
1.08252
1.08252
1.08252
1.08545
1.08545
1.08545
1.07617
1.07617
1.07617
1.08594
1.08594
1.08594
1.09961
1.09961
1.09961
1.09033
1.09033
1.09033
1.08594
1.08594
1.06396
1.06396
1.06396
1.08301
1.08301
1.08301
1.07178
1.07178
1.07178
1.08447
1.08447
1.08447
1.09375
1.09375
1.09375
1.07861
1.07861
1.09424
1.09424
1.09424
1.07764
1.07764
1.07764
1.09082
1.09082
1.09082
1.09033
1.09033
1.09033
1.08203
1.08203
1.08203
1.07666
1.07666
1.07666
1.09961
1.09961
1.07813
1.07813
1.07813
1.08643
1.08643
1.08643
1.07373
1.07373
1.07373
1.08936
1.08936
1.08936
1.04736
1.04736
1.04736
1.0918
1.0918
1.0918
1.07715
1.07715
1.08105
1.08105
1.08105
1.07227
1.07227
1.07227
1.08496
1.08496
1.08496
1.08691
1.08691
1.08691
1.08008
1.08008
1.08008
1.08008
1.08008
1.08008
1.08936
1.08936
1.09814
1.09814
1.09814
1.06689
1.06689
1.06689
1.08643
1.08643
1.08643
1.08301
1.08301
1.08301
1.08447
1.08447
1.08447
1.08496
1.08496
1.07959
1.07959
1.07959
1.06543
1.06543
1.06543
1.07129
1.07129
1.07129
1.07324
1.07324
1.07324
1.09912
1.09912
1.09912
1.08838
1.08838
1.08887
1.08887
1.08887
1.08057
1.08057
1.08057
1.07666
1.07666
1.07666
1.07764
1.07764
1.07764
1.06592
1.06592
1.06592
1.07715
1.07715
1.07715
1.07275
1.07275
1.07813
1.07813
1.07813
1.07178
1.07178
1.07178
1.08203
1.08203
1.08203
1.08203
1.08203
1.08203
1.05908
1.05908
1.05908
1.07861
1.07861
1.07861
1.09375
1.09375
1.07275
1.07275
1.07275
1.08252
1.08252
1.08252
1.09668
1.09668
1.09668
1.08105
1.08105
1.08105
1.0791
1.0791
1.0791
1.05664
1.05664
1.05664
1.09131
1.09131
1.09717
1.09717
1.09717
1.09033
1.09033
1.09033
1.06152
1.06152
1.06152
1.07861
1.07861
1.07861
1.07324
1.07324
1.07324
1.0791
1.0791
1.0791
1.07373
1.07373
1.07617
1.07617
1.07617
1.08105
1.08105
1.08105
1.07959
1.07959
1.07959
1.10645
1.10645
1.10645
1.08643
1.08643
1.08643
1.09131
1.09131
1.0918
1.0918
1.0918
1.06934
1.06934
1.06934
1.08691
1.08691
1.08691
1.08252
1.08252
1.08252
1.0708
1.0708
1.0708
1.0708
1.0708
1.0708
1.07129
1.07129
1.07129
1.07861
1.07861
1.08008
1.08008
1.08008
1.07031
1.07031
1.07031
1.08105
1.08105
1.08105
1.08301
1.08301
1.08301
1.08936
1.08936
1.08936
1.0708
1.0708
1.0708
1.08008
1.08008
1.06885
1.06885
1.06885
1.07031
1.07031
1.07031
1.09082
1.09082
1.09082
1.07373
1.07373
1.07373
1.06885
1.06885
1.06885
1.09131
1.09131
1.09131
1.0791
1.0791
1.09082
1.09082
1.09082
1.09766
1.09766
1.09766
1.08154
1.08154
1.08154
1.07666
1.07666
1.07666
1.11035
1.11035
1.11035
1.08398
1.08398
1.08398
1.08545
1.08545
1.07959
1.07959
1.07959
1.06543
1.06543
1.06543
1.08398
1.08398
1.08398
1.07715
1.07715
1.07715
1.09033
1.09033
1.09033
1.07471
1.07471
1.09717
1.09717
1.09717
1.09033
1.09033
1.09033
1.08545
1.08545
1.08545
1.07861
1.07861
1.07861
1.08105
1.08105
1.08105
1.09131
1.09131
1.09131
1.0835
1.0835
1.07324
1.07324
1.07324
1.10107
1.10107
1.10107
1.09082
1.09082
1.09082
1.06201
1.06201
1.06201
1.06982
1.06982
1.06982
1.08594
1.08594
1.07764
1.07764
1.07764
1.09229
1.09229
1.09229
1.07813
1.07813
1.07813
1.09717
1.09717
1.09717
1.07178
1.07178
1.07178
1.08203
1.08203
1.08203
1.08984
1.08984
1.08447
1.08447
1.08447
1.07031
1.07031
1.07031
1.07471
1.07471
1.07471
1.08691
1.08691
1.08691
1.0874
1.0874
1.0874
1.07764
1.07764
1.07764
1.05518
1.05518
1.07568
1.07568
1.07568
1.09277
1.09277
1.09277
1.09131
1.09131
1.09131
1.10254
1.10254
1.10254
1.08594
1.08594
1.08594
1.07813
1.07813
1.07422
1.07422
1.07422
1.08984
1.08984
1.08984
1.07471
1.07471
1.07471
1.06445
1.06445
1.06445
1.06689
1.06689
1.06689
1.09033
1.09033
1.09033
1.09424
1.09424
1.07666
1.07666
1.07666
1.06396
1.06396
1.06396
1.08594
1.08594
1.08594
1.10742
1.10742
1.10742
1.08594
1.08594
1.08594
1.08838
1.08838
1.06104
1.06104
1.06104
1.0918
1.0918
1.0918
1.08057
1.08057
1.08057
1.09375
1.09375
1.09375
1.07471
1.07471
1.07471
1.0625
1.0625
1.0625
1.08105
1.08105
1.08105
1.09375
1.09375
1.10791
1.10791
1.10791
1.0835
1.0835
1.0835
1.06982
1.06982
1.06982
1.07666
1.07666
1.07666
1.0957
1.0957
1.0957
1.07568
1.07568
1.07568
1.08887
1.08887
1.07471
1.07471
1.07471
1.07178
1.07178
1.07178
1.07178
1.07178
1.07178
1.08594
1.08594
1.08594
1.09912
1.09912
1.09912
1.08252
1.08252
1.08252
1.08105
1.08105
1.08301
1.08301
1.08301
1.09131
1.09131
1.09131
1.07861
1.07861
1.07861
1.0835
1.0835
1.0835
1.08545
1.08545
1.08545
1.0835
1.0835
1.0835
1.06885
1.06885
1.08545
1.08545
1.08545
1.08984
1.08984
1.08984
1.07568
1.07568
1.07568
1.07373
1.07373
1.07373
1.08887
1.08887
1.08887
1.06201
1.06201
1.06201
1.11084
1.11084
1.08154
1.08154
1.08154
1.09229
1.09229
1.09229
1.07178
1.07178
1.07178
1.08447
1.08447
1.08447
1.08057
1.08057
1.08057
1.08154
1.08154
1.0874
1.0874
1.0874
1.07275
1.07275
1.07275
1.07861
1.07861
1.07861
1.08154
1.08154
1.08154
1.10059
1.10059
1.10059
1.09229
1.09229
1.09229
1.06836
1.06836
1.07715
1.07715
1.07715
1.06299
1.06299
1.06299
1.07471
1.07471
1.07471
1.07764
1.07764
1.07764
1.05176
1.05176
1.05176
1.07861
1.07861
1.07861
1.08984
1.08984
1.07275
1.07275
1.07275
1.07324
1.07324
1.07324
1.07324
1.07324
1.07324
1.08887
1.08887
1.08887
1.08203
1.08203
1.08203
1.08398
1.08398
1.08398
1.104
1.104
1.06787
1.06787
1.06787
1.07129
1.07129
1.07129
1.08936
1.08936
1.08936
1.0625
1.0625
1.0625
1.08447
1.08447
1.08447
1.09814
1.09814
1.09814
1.07275
1.07275
1.07275
1.06641
1.06641
1.09863
1.09863
1.09863
1.104
1.104
1.104
1.09521
1.09521
1.09521
1.07813
1.07813
1.07813
1.1123
1.1123
1.1123
1.06445
1.06445
1.06445
1.09668
1.09668
1.09668
1.10156
1.10156
1.06592
1.06592
1.06592
1.07813
1.07813
1.07813
1.08105
1.08105
1.08105
1.09082
1.09082
1.09082
1.08887
1.08887
1.08887
1.10596
1.10596
1.07959
1.07959
1.07959
1.05762
1.05762
1.05762
1.04785
1.04785
1.04785
1.11768
1.11768
1.11768
1.0835
1.0835
1.0835
1.05176
1.05176
1.05176
1.0918
1.0918
1.0918
1.05908
1.05908
1.09619
1.09619
1.09619
1.1123
1.1123
1.1123
1.05322
1.05322
1.05322
1.07813
1.07813
1.07813
1.0498
1.0498
1.0498
1.02783
1.02783
1.02783
1.03955
1.03955
1.03955
1.09473
1.09473
1.06494
1.06494
1.06494
1.08789
1.08789
1.08789
1.1001
1.1001
1.1001
1.08252
1.08252
1.08252
1.104
1.104
1.104
1.06299
1.06299
1.06299
1.09131
1.09131
1.09131
1.07031
1.07031
1.08545
1.08545
1.08545
1.09521
1.09521
1.09521
1.07178
1.07178
1.07178
1.07031
1.07031
1.07031
1.09424
1.09424
1.09424
1.08984
1.08984
1.08301
1.08301
1.08301
1.10938
1.10938
1.10938
1.04834
1.04834
1.04834
1.09521
1.09521
1.09521
1.06396
1.06396
1.06396
1.09229
1.09229
1.09229
1.07227
1.07227
1.07568
1.07568
1.07568
1.08057
1.08057
1.08057
1.08008
1.08008
1.08008
1.06592
1.06592
1.06592
1.07031
1.07031
1.07031
1.09277
1.09277
1.06396
1.06396
1.06396
1.08154
1.08154
1.08154
1.09619
1.09619
1.09619
1.07324
1.07324
1.07324
1.08496
1.08496
1.08496
1.08984
1.08984
1.08984
1.08838
1.08838
1.08252
1.08252
1.08252
1.08203
1.08203
1.08203
1.07471
1.07471
1.07471
1.06787
1.06787
1.06787
1.08984
1.08984
1.08984
1.11572
1.11572
1.11572
1.08545
1.08545
1.07617
1.07617
1.07617
1.08447
1.08447
1.08447
1.10059
1.10059
1.10059
1.07861
1.07861
1.07861
1.06299
1.06299
1.06299
1.06787
1.06787
1.08301
1.08301
1.08301
1.104
1.104
1.104
1.06445
1.06445
1.06445
1.08594
1.08594
1.08594
1.09473
1.09473
1.09473
1.08203
1.08203
1.08203
1.09033
1.09033
1.09033
1.09668
1.09668
1.06396
1.06396
1.06396
1.08496
1.08496
1.08496
1.08691
1.08691
1.08691
1.0791
1.0791
1.0791
1.08203
1.08203
1.08203
1.08105
1.08105
1.08105
1.08789
1.08789
1.07764
1.07764
1.07764
1.0835
1.0835
1.0835
1.07324
1.07324
1.07324
1.07471
1.07471
1.07471
1.09961
1.09961
1.09961
1.06885
1.06885
1.06885
1.09082
1.09082
1.08008
1.08008
1.08008
1.07324
1.07324
1.07324
1.07959
1.07959
1.07959
1.0625
1.0625
1.0625
1.06885
1.06885
1.06885
1.09375
1.09375
1.09375
1.07471
1.07471
1.08789
1.08789
1.08789
1.07471
1.07471
1.07471
1.07422
1.07422
1.07422
1.07275
1.07275
1.07275
1.09863
1.09863
1.09863
1.07275
1.07275
1.07275
1.07422
1.07422
1.09766
1.09766
1.09766
1.09277
1.09277
1.09277
1.09521
1.09521
1.09521
1.07471
1.07471
1.07471
1.07959
1.07959
1.07959
1.08887
1.08887
1.08398
1.08398
1.08398
1.07861
1.07861
1.07861
1.09961
1.09961
1.09961
1.08887
1.08887
1.08887
1.05957
1.05957
1.05957
1.08447
1.08447
1.08447
1.06982
1.06982
1.09863
1.09863
1.09863
1.05957
1.05957
1.05957
1.0918
1.0918
1.0918
1.07617
1.07617
1.07617
1.11914
1.11914
1.11914
1.03223
1.03223
1.03223
1.09814
1.09814
1.09717
1.09717
1.09717
1.0498
1.0498
1.0498
1.10693
1.10693
1.10693
1.0791
1.0791
1.0791
1.08984
1.08984
1.08984
1.08252
1.08252
1.08252
1.0835
1.0835
1.0835
1.06787
1.06787
1.08496
1.08496
1.08496
1.08154
1.08154
1.08154
1.08447
1.08447
1.08447
1.07617
1.07617
1.07617
1.07959
1.07959
1.07959
1.06885
1.06885
1.06543
1.06543
1.06543
1.08203
1.08203
1.08203
1.07373
1.07373
1.07373
1.07178
1.07178
1.07178
1.09033
1.09033
1.09033
1.06836
1.06836
1.06836
1.07471
1.07471
1.08838
1.08838
1.08838
1.07178
1.07178
1.07178
1.06934
1.06934
1.06934
1.07715
1.07715
1.07715
1.0874
1.0874
1.0874
1.09619
1.09619
1.09619
1.09424
1.09424
1.10889
1.10889
1.10889
1.08252
1.08252
1.08252
1.07715
1.07715
1.07715
1.10156
1.10156
1.10156
1.08447
1.08447
1.08447
1.07861
1.07861
1.0874
1.0874
1.0874
1.08594
1.08594
1.08594
1.08057
1.08057
1.08057
1.08057
1.08057
1.08057
1.08691
1.08691
1.08691
1.08447
1.08447
1.08447
1.09424
1.09424
1.08252
1.08252
1.08252
1.08594
1.08594
1.08594
1.10498
1.10498
1.10498
0.901855
0.901855
0.901855
1.17432
1.17432
1.17432
1.08301
1.08301
1.05811
1.05811
1.05811
1.10303
1.10303
1.10303
1.07129
1.07129
1.07129
1.04639
1.04639
1.04639
1.10938
1.10938
1.10938
1.08838
1.08838
1.08838
1.08203
1.08203
1.08594
1.08594
1.08594
1.08057
1.08057
1.08057
1.08691
1.08691
1.08691
1.09766
1.09766
1.09766
1.07666
1.07666
1.07666
1.08203
1.08203
1.07178
1.07178
1.07178
1.0957
1.0957
1.0957
1.08057
1.08057
1.08057
1.08838
1.08838
1.08838
1.06299
1.06299
1.06299
1.06836
1.06836
1.06836
1.08398
1.08398
1.07227
1.07227
1.07227
1.07568
1.07568
1.07568
1.09375
1.09375
1.09375
1.07568
1.07568
1.07568
1.07959
1.07959
1.07959
1.07471
1.07471
1.07471
1.07373
1.07373
1.0918
1.0918
1.0918
1.06836
1.06836
1.06836
1.09326
1.09326
1.09326
1.07666
1.07666
1.07666
1.06689
1.06689
1.06689
1.09424
1.09424
1.09424
1.06885
1.06885
1.08936
1.08936
1.08936
1.08984
1.08984
1.08984
1.08789
1.08789
1.08789
1.07959
1.07959
1.07959
1.06104
1.06104
1.06104
1.104
1.104
1.104
1.09033
1.09033
1.09033
1.05469
1.05469
1.09375
1.09375
1.09375
1.09521
1.09521
1.09521
1.06396
1.06396
1.06396
1.06934
1.06934
1.06934
1.09277
1.09277
1.09277
1.0957
1.0957
1.0957
1.04932
1.04932
1.12891
1.12891
1.12891
1.07568
1.07568
1.07568
1.05908
1.05908
1.05908
1.09229
1.09229
1.09229
1.08252
1.08252
1.08252
1.06689
1.06689
1.08301
1.08301
1.08301
1.07715
1.07715
1.07715
1.08447
1.08447
1.08447
1.07959
1.07959
1.07959
1.08008
1.08008
1.08008
1.0791
1.0791
1.0791
1.08643
1.08643
1.07324
1.07324
1.07324
1.06201
1.06201
1.06201
1.07324
1.07324
1.07324
1.08545
1.08545
1.08545
1.08105
1.08105
1.08105
1.10059
1.10059
1.10059
1.08545
1.08545
1.08301
1.08301
1.08301
1.07666
1.07666
1.07666
1.08936
1.08936
1.08936
1.07813
1.07813
1.07813
1.07617
1.07617
1.07617
1.07422
1.07422
1.09131
1.09131
1.09131
1.06445
1.06445
1.06445
1.06543
1.06543
1.06543
1.07324
1.07324
1.07324
1.09424
1.09424
1.09424
1.11963
1.11963
1.11963
1.06836
1.06836
1.08105
1.08105
1.08105
1.08301
1.08301
1.08301
1.07031
1.07031
1.07031
1.09131
1.09131
1.09131
1.09473
1.09473
1.09473
1.06787
1.06787
1.07666
1.07666
1.07666
1.09033
1.09033
1.09033
1.06299
1.06299
1.06299
1.08008
1.08008
1.08008
1.0874
1.0874
1.0874
1.08984
1.08984
1.08984
1.07275
1.07275
1.06787
1.06787
1.06787
1.08643
1.08643
1.08643
1.07031
1.07031
1.07031
1.06396
1.06396
1.06396
1.09961
1.09961
1.09961
1.10889
1.10889
1.10889
1.08936
1.08936
1.06738
1.06738
1.06738
1.07422
1.07422
1.07422
1.0791
1.0791
1.0791
1.08936
1.08936
1.08936
1.09082
1.09082
1.09082
1.06445
1.06445
1.06445
1.08398
1.08398
1.07324
1.07324
1.07324
1.08691
1.08691
1.08691
1.08447
1.08447
1.08447
1.08154
1.08154
1.08154
1.06738
1.06738
1.06738
1.08008
1.08008
1.08154
1.08154
1.08154
1.07764
1.07764
1.07764
1.07666
1.07666
1.07666
1.07813
1.07813
1.07813
1.08691
1.08691
1.08691
1.0957
1.0957
1.0957
1.07617
1.07617
1.08545
1.08545
1.08545
1.09375
1.09375
1.09375
1.07373
1.07373
1.07373
1.09717
1.09717
1.09717
1.07959
1.07959
1.07959
1.07813
1.07813
1.08398
1.08398
1.08398
1.05713
1.05713
1.05713
1.04834
1.04834
1.04834
1.14258
1.14258
1.14258
1.07617
1.07617
1.07617
1.05225
1.05225
1.05225
1.0957
1.0957
1.07129
1.07129
1.07129
1.07422
1.07422
1.07422
1.08301
1.08301
1.08301
1.05469
1.05469
1.05469
1.08838
1.08838
1.08838
1.07031
1.07031
1.07031
1.09229
1.09229
1.10205
1.10205
1.10205
1.08545
1.08545
1.08545
1.08691
1.08691
1.08691
1.07959
1.07959
1.07959
1.08301
1.08301
1.08301
1.10205
1.10205
1.0835
1.0835
1.0835
1.07813
1.07813
1.07813
1.08545
1.08545
1.08545
1.0918
1.0918
1.0918
1.08252
1.08252
1.08252
1.08252
1.08252
